Louisiana
LA
Baton Rouge
1624 26.8 22.3 31.4 30.5044286639 -91.1609191422 1
6750 22.8 18.8 26.9 30.4983580696 -91.1377231863 1
1795 24.8 21.2 28.5 30.4941288729 -91.1622694874 1
3082 24.3 20.3 28.5 30.4926899201 -91.1485707012 1
4152 25.2 21.2 29.4 30.4791562031 -91.1627032456 1
3645 22 17.7 26.4 30.4830308547 -91.1486504051 1
4275 21.6 19 24.9 30.4720369968 -91.1481525059 1
2433 24.4 21.1 28.3 30.4835066545 -91.1291744167 1
3594 19.3 15.8 22.8 30.4750302022 -91.1259312328 1
4239 21.7 17.4 26.1 30.4618764248 -91.1613366254 1
3527 23.7 19.8 28 30.459554079 -91.1472842753 1
3388 19.8 15.8 24 30.4614349651 -91.1089635983 1
3281 21.5 17.5 26 30.4605974784 -91.1338196562 1
4430 28.3 23.7 33 30.4601768763 -91.1216822878 1
3515 11.6 9.7 13.9 30.4457793754 -91.1606773841 1
5132 10.7 8.8 12.8 30.4423213017 -91.1456955324 1
2555 15.9 13.3 18.5 30.4481367185 -91.1253953588 1
2523 6.6 5.3 8.3 30.4399824107 -91.1244270502 1
3435 8.4 6.8 10.2 30.4406219886 -91.0989149061 1
1446 20.2 16.9 23.6 30.4357913592 -91.1740082449 1
2776 6.1 5.2 7.2 30.4328767007 -91.1590489449 1
2682 20.8 18.3 23.2 30.4257452809 -91.1904945019 1
3504 17.5 15 20.8 30.4258203583 -91.1745595599 1
3822 7.8 6.1 9.8 30.4167619854 -91.1565343842 1
3916 9.1 7.4 11.2 30.4026538632 -91.1308382679 1
1621 16.3 13.3 19.1 30.4258843987 -91.144983792 1
3471 17 14 20.6 30.4128712457 -91.1898838389 1
4111 15 12.1 17.7 30.4122648285 -91.1708265512 1
4755 21.1 15.7 27.9 30.5289405596 -91.1959042173 1
4109 20.2 16 24.8 30.5334044379 -91.1784614006 1
3278 29.5 23.6 35.4 30.5342831115 -91.1599182379 1
120 17.6 13.2 22.6 30.5297112101 -91.1415566967 1
5161 18 14.6 22 30.5158758542 -91.163876673 1
5165 20.3 17.3 23.6 30.5141605669 -91.1363751289 1
1122 19.8 17 22.7 30.4841433307 -91.1112740183 1
6857 14.9 12.5 17.7 30.4796482296 -91.0799015972 1
142 14.5 11 18.6 30.4772361461 -91.0531832205 1
3483 14.9 12.7 17.2 30.4639470932 -91.0876029097 1
2967 24.8 21.6 28.3 30.4647752964 -91.0649409557 1
6435 23.4 20.3 27 30.4668975587 -91.0469530429 1
5966 10.8 9.1 12.5 30.4445084666 -91.0787184596 1
3415 11.7 10.1 13.6 30.4480098086 -91.0634825247 1
6230 9.9 8.6 11.5 30.4506009344 -91.046501122 1
5873 9.8 8.4 11.5 30.4188352069 -91.1216903247 1
3516 10.2 8.3 12.5 30.4236803805 -91.0879071445 1
5066 17.1 14.1 20.6 30.4371001741 -91.0429662234 1
3146 10.4 8.9 12.1 30.4031091718 -91.0446869666 1
5930 11.1 9.4 13 30.4218584966 -91.0443903083 1
2677 9.4 7.9 11.1 30.4266884771 -91.0286917808 1
3371 15 12.4 17.7 30.4282234021 -91.0663456039 1
1186 21 17.6 24.7 30.4150594991 -91.0601139906 1
4324 11.9 9.8 13.9 30.3802062758 -91.1101149737 1
784 16.9 12.9 21.9 30.3765569088 -91.1372514169 1
3676 15.5 11.8 20.6 30.3975890373 -91.1924449762 1
9295 14.5 11.5 17.4 30.3839529583 -91.1915017743 1
2234 19 15.2 22.8 30.5520430127 -91.1608276597 1
3038 16.3 14.6 18.1 30.4678640159 -91.0204474711 1
2179 12.1 9.8 14.8 30.4336385775 -91.0147119769 1
3356 11.1 8.7 14.6 30.4012580306 -91.1640439289 1
4673 6.6 5.3 8.4 30.3914069549 -91.1414836853 1
3203 6.6 5.3 8.4 30.3815612629 -91.124512812 1
2944 19.6 17 22.2 30.4604822002 -91.1831493673 1
1946 19.6 16.6 22.9 30.439175473 -91.1871706811 1
3076 21.5 18.5 24.7 30.448995176 -91.1734832795 1
1624 27.9 26.7 29.2 30.5044286639 -91.1609191422 2
6750 26.4 25.1 27.6 30.4983580696 -91.1377231863 2
1795 27.4 26.1 28.7 30.4941288729 -91.1622694874 2
3082 27.6 26.4 28.9 30.4926899201 -91.1485707012 2
4152 29.2 27.8 30.6 30.4791562031 -91.1627032456 2
3645 25.6 24.2 27 30.4830308547 -91.1486504051 2
4275 29.4 28.2 30.5 30.4720369968 -91.1481525059 2
2433 24.8 23.6 26.1 30.4835066545 -91.1291744167 2
3594 24 22.9 25.2 30.4750302022 -91.1259312328 2
4239 30.6 28.9 32.3 30.4618764248 -91.1613366254 2
3527 31.1 29.6 32.5 30.459554079 -91.1472842753 2
3388 28.6 27.3 29.8 30.4614349651 -91.1089635983 2
3281 25 23.6 26.2 30.4605974784 -91.1338196562 2
4430 24.7 23.5 26 30.4601768763 -91.1216822878 2
3515 18.9 18.1 19.7 30.4457793754 -91.1606773841 2
5132 22 21.1 23 30.4423213017 -91.1456955324 2
2555 26 24.5 27.5 30.4481367185 -91.1253953588 2
2523 20.9 19.7 22.3 30.4399824107 -91.1244270502 2
3435 26.4 24.9 27.9 30.4406219886 -91.0989149061 2
1446 25.9 24.6 27.2 30.4357913592 -91.1740082449 2
2776 18 17.1 18.8 30.4328767007 -91.1590489449 2
2682 21.8 21 22.7 30.4257452809 -91.1904945019 2
3504 18.8 18.2 19.4 30.4258203583 -91.1745595599 2
3822 19.1 18 20.3 30.4167619854 -91.1565343842 2
3916 21 19.7 22.2 30.4026538632 -91.1308382679 2
1621 27 25.6 28.4 30.4258843987 -91.144983792 2
3471 6.5 6.1 7 30.4128712457 -91.1898838389 2
4111 5.9 5.3 6.4 30.4122648285 -91.1708265512 2
4755 17.7 16.8 18.6 30.5289405596 -91.1959042173 2
4109 31.2 29.4 32.8 30.5334044379 -91.1784614006 2
3278 18.1 17 19.3 30.5342831115 -91.1599182379 2
120 13.2 12 14.4 30.5297112101 -91.1415566967 2
5161 25.9 24.5 27.1 30.5158758542 -91.163876673 2
5165 25.9 24.7 27 30.5141605669 -91.1363751289 2
1122 20.7 19.8 21.6 30.4841433307 -91.1112740183 2
6857 23.7 22.6 24.7 30.4796482296 -91.0799015972 2
142 16.6 15.2 17.9 30.4772361461 -91.0531832205 2
3483 24 23 25.1 30.4639470932 -91.0876029097 2
2967 25 24.1 25.8 30.4647752964 -91.0649409557 2
6435 19.7 18.9 20.5 30.4668975587 -91.0469530429 2
5966 24.9 23.7 26.2 30.4445084666 -91.0787184596 2
3415 25.5 24.2 26.8 30.4480098086 -91.0634825247 2
6230 24.5 23.2 25.7 30.4506009344 -91.046501122 2
5873 19.8 19.1 20.6 30.4188352069 -91.1216903247 2
3516 24.9 23.5 26.5 30.4236803805 -91.0879071445 2
5066 17.9 17.1 18.7 30.4371001741 -91.0429662234 2
3146 22.2 21 23.3 30.4031091718 -91.0446869666 2
5930 21.4 20.4 22.4 30.4218584966 -91.0443903083 2
2677 19.6 18.6 20.8 30.4266884771 -91.0286917808 2
3371 19.6 18.8 20.5 30.4282234021 -91.0663456039 2
1186 19.1 18.2 19.9 30.4150594991 -91.0601139906 2
4324 23.5 22.3 24.6 30.3802062758 -91.1101149737 2
784 18 17 19 30.3765569088 -91.1372514169 2
3676 9.1 8.5 9.8 30.3975890373 -91.1924449762 2
9295 11.1 10.5 11.7 30.3839529583 -91.1915017743 2
2234 26.4 25 27.8 30.5520430127 -91.1608276597 2
3038 22.2 21.5 22.9 30.4678640159 -91.0204474711 2
2179 22.6 21.2 24.2 30.4336385775 -91.0147119769 2
3356 21 19.7 22.2 30.4012580306 -91.1640439289 2
4673 21.6 20.5 22.9 30.3914069549 -91.1414836853 2
3203 26.1 24.7 27.8 30.3815612629 -91.124512812 2
2944 26.2 25.4 27 30.4604822002 -91.1831493673 2
1946 26.3 25 27.5 30.439175473 -91.1871706811 2
3076 26.9 25.8 28 30.448995176 -91.1734832795 2
1624 11.6 10.8 12.3 30.5044286639 -91.1609191422 3
6750 12.9 12.2 13.7 30.4983580696 -91.1377231863 3
1795 12.3 11.5 13 30.4941288729 -91.1622694874 3
3082 12.3 11.6 13.1 30.4926899201 -91.1485707012 3
4152 11.8 11 12.6 30.4791562031 -91.1627032456 3
3645 13.4 12.6 14.3 30.4830308547 -91.1486504051 3
4275 12.2 11.6 12.7 30.4720369968 -91.1481525059 3
2433 13.6 12.8 14.5 30.4835066545 -91.1291744167 3
3594 13.6 12.8 14.4 30.4750302022 -91.1259312328 3
4239 11.6 10.9 12.2 30.4618764248 -91.1613366254 3
3527 11.2 10.6 11.9 30.459554079 -91.1472842753 3
3388 12.6 11.9 13.2 30.4614349651 -91.1089635983 3
3281 13.1 12.4 13.8 30.4605974784 -91.1338196562 3
4430 12.3 11.5 13.1 30.4601768763 -91.1216822878 3
3515 19.8 19.1 20.4 30.4457793754 -91.1606773841 3
5132 19.2 18.6 19.7 30.4423213017 -91.1456955324 3
2555 16.6 16 17.2 30.4481367185 -91.1253953588 3
2523 20.7 19.9 21.4 30.4399824107 -91.1244270502 3
3435 17.8 17.2 18.4 30.4406219886 -91.0989149061 3
1446 14.4 13.8 15 30.4357913592 -91.1740082449 3
2776 23.6 22.9 24.3 30.4328767007 -91.1590489449 3
2682 15.7 15.2 16.2 30.4257452809 -91.1904945019 3
3504 17.7 16.8 18.6 30.4258203583 -91.1745595599 3
3822 21.7 20.7 22.6 30.4167619854 -91.1565343842 3
3916 19.4 18.7 20.1 30.4026538632 -91.1308382679 3
1621 14.7 14.2 15.3 30.4258843987 -91.144983792 3
3471 19.6 18.6 20.6 30.4128712457 -91.1898838389 3
4111 23.3 21.4 25 30.4122648285 -91.1708265512 3
4755 14.8 13.2 16.4 30.5289405596 -91.1959042173 3
4109 10.7 10.1 11.4 30.5334044379 -91.1784614006 3
3278 17.8 16.4 19.1 30.5342831115 -91.1599182379 3
120 18.5 17.3 19.8 30.5297112101 -91.1415566967 3
5161 13.4 12.5 14.2 30.5158758542 -91.163876673 3
5165 13.7 13.1 14.3 30.5141605669 -91.1363751289 3
1122 17.1 16.5 17.9 30.4841433307 -91.1112740183 3
6857 15.3 14.7 16 30.4796482296 -91.0799015972 3
142 17.5 16.6 18.5 30.4772361461 -91.0531832205 3
3483 15.7 15.2 16.2 30.4639470932 -91.0876029097 3
2967 14.9 14.3 15.6 30.4647752964 -91.0649409557 3
6435 15.3 14.5 16 30.4668975587 -91.0469530429 3
5966 18.1 17.5 18.6 30.4445084666 -91.0787184596 3
3415 17.2 16.6 17.7 30.4480098086 -91.0634825247 3
6230 16.6 16.1 17.2 30.4506009344 -91.046501122 3
5873 19.8 19.3 20.2 30.4188352069 -91.1216903247 3
3516 18.2 17.5 18.9 30.4236803805 -91.0879071445 3
5066 18 17.2 18.8 30.4371001741 -91.0429662234 3
3146 19.5 18.9 20.1 30.4031091718 -91.0446869666 3
5930 19.3 18.7 19.9 30.4218584966 -91.0443903083 3
2677 21.5 20.8 22.2 30.4266884771 -91.0286917808 3
3371 18.3 17.6 19 30.4282234021 -91.0663456039 3
1186 17.3 16.5 18.1 30.4150594991 -91.0601139906 3
4324 17 16.5 17.6 30.3802062758 -91.1101149737 3
784 21.3 20 22.7 30.3765569088 -91.1372514169 3
3676 23.2 21.6 24.9 30.3975890373 -91.1924449762 3
9295 22.2 20.6 23.9 30.3839529583 -91.1915017743 3
2234 13 12.3 13.8 30.5520430127 -91.1608276597 3
3038 16.5 16.1 16.9 30.4678640159 -91.0204474711 3
2179 18.2 17.6 18.8 30.4336385775 -91.0147119769 3
3356 19.1 17.8 20.4 30.4012580306 -91.1640439289 3
4673 19.7 18.9 20.4 30.3914069549 -91.1414836853 3
3203 17.3 16.7 18 30.3815612629 -91.124512812 3
2944 14.3 13.9 14.8 30.4604822002 -91.1831493673 3
1946 14.3 13.8 14.9 30.439175473 -91.1871706811 3
3076 13.6 13.1 14.1 30.448995176 -91.1734832795 3
3082 6 5.4 6.7 30.4926899201 -91.1485707012 6
4152 6.9 6.2 7.7 30.4791562031 -91.1627032456 6
3645 5.2 4.6 5.8 30.4830308547 -91.1486504051 6
4275 6.2 5.7 6.8 30.4720369968 -91.1481525059 6
2433 5.2 4.6 5.7 30.4835066545 -91.1291744167 6
3594 4.7 4.2 5.3 30.4750302022 -91.1259312328 6
4239 6.9 6 7.8 30.4618764248 -91.1613366254 6
1795 6.2 5.6 6.9 30.4941288729 -91.1622694874 6
1624 6.7 6 7.5 30.5044286639 -91.1609191422 6
6750 5.5 4.9 6.1 30.4983580696 -91.1377231863 6
3527 7.6 6.7 8.6 30.459554079 -91.1472842753 6
3388 5.7 4.9 6.4 30.4614349651 -91.1089635983 6
3281 5.2 4.6 5.8 30.4605974784 -91.1338196562 6
4430 5.8 5.2 6.6 30.4601768763 -91.1216822878 6
3515 2.6 2.4 2.9 30.4457793754 -91.1606773841 6
5132 2.9 2.6 3.2 30.4423213017 -91.1456955324 6
2555 4 3.4 4.9 30.4481367185 -91.1253953588 6
2523 2.1 1.8 2.4 30.4399824107 -91.1244270502 6
3435 3 2.5 3.4 30.4406219886 -91.0989149061 6
1446 5.6 4.9 6.3 30.4357913592 -91.1740082449 6
2776 1.7 1.6 1.9 30.4328767007 -91.1590489449 6
2682 4.5 4.1 5 30.4257452809 -91.1904945019 6
3504 3.8 3.5 4.1 30.4258203583 -91.1745595599 6
3822 2.1 1.9 2.4 30.4167619854 -91.1565343842 6
3916 2.5 2.2 2.9 30.4026538632 -91.1308382679 6
1621 4.7 4.2 5.3 30.4258843987 -91.144983792 6
3471 0.9 0.8 1 30.4128712457 -91.1898838389 6
4111 0.7 0.6 0.8 30.4122648285 -91.1708265512 6
4755 3.9 3.5 4.3 30.5289405596 -91.1959042173 6
4109 7.4 6.3 8.4 30.5334044379 -91.1784614006 6
3278 4.4 3.9 5 30.5342831115 -91.1599182379 6
120 1.9 1.6 2.2 30.5297112101 -91.1415566967 6
5161 5.2 4.6 5.9 30.5158758542 -91.163876673 6
5165 5 4.5 5.5 30.5141605669 -91.1363751289 6
1122 3.5 3.2 3.9 30.4841433307 -91.1112740183 6
6857 3.6 3.3 4 30.4796482296 -91.0799015972 6
142 2.3 2 2.7 30.4772361461 -91.0531832205 6
3483 3.5 3.1 3.9 30.4639470932 -91.0876029097 6
2967 4.7 4.3 5.3 30.4647752964 -91.0649409557 6
6435 3.5 3.2 3.8 30.4668975587 -91.0469530429 6
5966 3 2.7 3.5 30.4445084666 -91.0787184596 6
3415 3.2 2.8 3.7 30.4480098086 -91.0634825247 6
6230 2.9 2.6 3.3 30.4506009344 -91.046501122 6
5873 2.5 2.3 2.7 30.4188352069 -91.1216903247 6
3516 3.1 2.6 3.7 30.4236803805 -91.0879071445 6
5066 2.7 2.4 2.9 30.4371001741 -91.0429662234 6
3146 2.5 2.2 2.8 30.4031091718 -91.0446869666 6
5930 2.6 2.3 2.9 30.4218584966 -91.0443903083 6
2677 2.1 1.9 2.4 30.4266884771 -91.0286917808 6
3371 2.9 2.6 3.2 30.4282234021 -91.0663456039 6
1186 3.2 2.9 3.5 30.4150594991 -91.0601139906 6
4324 3.4 3 3.8 30.3802062758 -91.1101149737 6
784 2.7 2.4 3 30.3765569088 -91.1372514169 6
3676 1.4 1.2 1.5 30.3975890373 -91.1924449762 6
9295 1.6 1.5 1.7 30.3839529583 -91.1915017743 6
2234 5.2 4.6 5.8 30.5520430127 -91.1608276597 6
3038 3.3 3 3.6 30.4678640159 -91.0204474711 6
2179 2.8 2.5 3.3 30.4336385775 -91.0147119769 6
3356 3.1 2.6 3.8 30.4012580306 -91.1640439289 6
4673 2.2 2 2.6 30.3914069549 -91.1414836853 6
3203 2.8 2.5 3.3 30.3815612629 -91.124512812 6
2944 5.4 5 5.8 30.4604822002 -91.1831493673 6
1946 5.4 4.8 6.1 30.439175473 -91.1871706811 6
3076 6 5.4 6.6 30.448995176 -91.1734832795 6
1624 4.3 4.1 4.6 30.5044286639 -91.1609191422 7
6750 4.7 4.5 4.9 30.4983580696 -91.1377231863 7
1795 4.4 4.2 4.6 30.4941288729 -91.1622694874 7
3082 4.6 4.4 4.8 30.4926899201 -91.1485707012 7
4152 4.8 4.6 5 30.4791562031 -91.1627032456 7
3645 4.4 4.2 4.7 30.4830308547 -91.1486504051 7
4275 5.4 5.2 5.6 30.4720369968 -91.1481525059 7
2433 4.2 4.1 4.4 30.4835066545 -91.1291744167 7
3594 4.5 4.3 4.7 30.4750302022 -91.1259312328 7
4239 5.8 5.5 6.1 30.4618764248 -91.1613366254 7
3527 5.6 5.3 6 30.459554079 -91.1472842753 7
3388 7.1 6.7 7.5 30.4614349651 -91.1089635983 7
3281 4.4 4.2 4.6 30.4605974784 -91.1338196562 7
4430 3.7 3.5 3.9 30.4601768763 -91.1216822878 7
3515 4.8 4.6 4.9 30.4457793754 -91.1606773841 7
5132 6.1 5.9 6.3 30.4423213017 -91.1456955324 7
2555 7.1 6.6 7.6 30.4481367185 -91.1253953588 7
2523 7.1 6.7 7.4 30.4399824107 -91.1244270502 7
3435 8.7 8.3 9.1 30.4406219886 -91.0989149061 7
1446 5 4.8 5.3 30.4357913592 -91.1740082449 7
2776 6.1 5.9 6.3 30.4328767007 -91.1590489449 7
2682 4.1 4 4.2 30.4257452809 -91.1904945019 7
3504 3.7 3.6 3.8 30.4258203583 -91.1745595599 7
3822 5.8 5.5 6.1 30.4167619854 -91.1565343842 7
3916 6.5 6.2 6.9 30.4026538632 -91.1308382679 7
1621 6.2 6 6.5 30.4258843987 -91.144983792 7
3471 1.3 1.2 1.3 30.4128712457 -91.1898838389 7
4111 1.1 1 1.1 30.4122648285 -91.1708265512 7
4755 3.1 3 3.3 30.5289405596 -91.1959042173 7
4109 6.2 5.8 6.5 30.5334044379 -91.1784614006 7
3278 2.7 2.6 2.9 30.5342831115 -91.1599182379 7
120 2.4 2.2 2.6 30.5297112101 -91.1415566967 7
5161 5.3 5 5.6 30.5158758542 -91.163876673 7
5165 5 4.8 5.2 30.5141605669 -91.1363751289 7
1122 4.3 4.1 4.4 30.4841433307 -91.1112740183 7
6857 5.6 5.4 5.9 30.4796482296 -91.0799015972 7
142 3.8 3.6 4 30.4772361461 -91.0531832205 7
3483 6.3 6 6.5 30.4639470932 -91.0876029097 7
2967 5.4 5.2 5.6 30.4647752964 -91.0649409557 7
6435 3.6 3.4 3.7 30.4668975587 -91.0469530429 7
5966 7.8 7.4 8.2 30.4445084666 -91.0787184596 7
3415 7.8 7.4 8.1 30.4480098086 -91.0634825247 7
6230 7.6 7.3 8 30.4506009344 -91.046501122 7
5873 5.7 5.6 5.9 30.4188352069 -91.1216903247 7
3516 7.8 7.4 8.3 30.4236803805 -91.0879071445 7
5066 4.1 3.9 4.2 30.4371001741 -91.0429662234 7
3146 6.5 6.3 6.8 30.4031091718 -91.0446869666 7
5930 6.2 5.9 6.5 30.4218584966 -91.0443903083 7
2677 5.9 5.6 6.1 30.4266884771 -91.0286917808 7
3371 4.8 4.6 5 30.4282234021 -91.0663456039 7
1186 3.9 3.8 4.1 30.4150594991 -91.0601139906 7
4324 6.1 5.8 6.3 30.3802062758 -91.1101149737 7
784 3.9 3.8 4.1 30.3765569088 -91.1372514169 7
3676 1.9 1.8 1.9 30.3975890373 -91.1924449762 7
9295 2.2 2.1 2.3 30.3839529583 -91.1915017743 7
2234 5.1 4.9 5.4 30.5520430127 -91.1608276597 7
3038 5.6 5.4 5.8 30.4678640159 -91.0204474711 7
2179 6 5.7 6.3 30.4336385775 -91.0147119769 7
3356 6.3 5.9 6.8 30.4012580306 -91.1640439289 7
4673 7.1 6.8 7.4 30.3914069549 -91.1414836853 7
3203 8.7 8.3 9.2 30.3815612629 -91.124512812 7
2944 5.1 4.9 5.2 30.4604822002 -91.1831493673 7
1946 5.2 5 5.4 30.439175473 -91.1871706811 7
3076 4.8 4.6 5 30.448995176 -91.1734832795 7
1624 12.5 11.4 13.8 30.5044286639 -91.1609191422 8
6750 11.7 10.6 12.9 30.4983580696 -91.1377231863 8
1795 11.8 10.9 13.1 30.4941288729 -91.1622694874 8
3082 12.1 11.1 13.3 30.4926899201 -91.1485707012 8
4152 12.3 11.2 13.6 30.4791562031 -91.1627032456 8
3645 11.7 10.6 12.9 30.4830308547 -91.1486504051 8
4275 11.5 10.8 12.3 30.4720369968 -91.1481525059 8
2433 11.5 10.5 12.6 30.4835066545 -91.1291744167 8
3594 10.8 10 11.8 30.4750302022 -91.1259312328 8
4239 11.4 10.4 12.5 30.4618764248 -91.1613366254 8
3527 11.7 10.8 12.8 30.459554079 -91.1472842753 8
3388 10.4 9.5 11.4 30.4614349651 -91.1089635983 8
3281 11.6 10.6 12.8 30.4605974784 -91.1338196562 8
4430 12.7 11.5 14.1 30.4601768763 -91.1216822878 8
3515 8.6 8.1 9.1 30.4457793754 -91.1606773841 8
5132 8.2 7.8 8.7 30.4423213017 -91.1456955324 8
2555 8.8 8.2 9.5 30.4481367185 -91.1253953588 8
2523 7.1 6.7 7.5 30.4399824107 -91.1244270502 8
3435 7.3 6.9 7.7 30.4406219886 -91.0989149061 8
1446 10.7 9.9 11.5 30.4357913592 -91.1740082449 8
2776 6.9 6.6 7.1 30.4328767007 -91.1590489449 8
2682 10.2 9.6 10.9 30.4257452809 -91.1904945019 8
3504 10.1 9.5 10.8 30.4258203583 -91.1745595599 8
3822 7.4 7 7.8 30.4167619854 -91.1565343842 8
3916 7.6 7.2 8.1 30.4026538632 -91.1308382679 8
1621 9.9 9.2 10.7 30.4258843987 -91.144983792 8
3471 7.3 6.8 7.9 30.4128712457 -91.1898838389 8
4111 9.9 9 10.8 30.4122648285 -91.1708265512 8
4755 11.5 10.4 13.6 30.5289405596 -91.1959042173 8
4109 11.2 10.2 12.3 30.5334044379 -91.1784614006 8
3278 10.3 9.1 11.5 30.5342831115 -91.1599182379 8
120 10.3 9.4 11.6 30.5297112101 -91.1415566967 8
5161 10.7 9.9 11.7 30.5158758542 -91.163876673 8
5165 11.2 10.3 12.1 30.5141605669 -91.1363751289 8
1122 9.6 8.9 10.3 30.4841433307 -91.1112740183 8
6857 9.3 8.8 10 30.4796482296 -91.0799015972 8
142 9.5 8.7 10.5 30.4772361461 -91.0531832205 8
3483 8.7 8.2 9.3 30.4639470932 -91.0876029097 8
2967 10.2 9.5 11 30.4647752964 -91.0649409557 8
6435 10.5 9.7 11.5 30.4668975587 -91.0469530429 8
5966 7.7 7.3 8.2 30.4445084666 -91.0787184596 8
3415 7.9 7.5 8.5 30.4480098086 -91.0634825247 8
6230 7.5 7.2 7.9 30.4506009344 -91.046501122 8
5873 7.8 7.4 8.2 30.4188352069 -91.1216903247 8
3516 7.7 7.3 8.3 30.4236803805 -91.0879071445 8
5066 9.4 8.9 10.3 30.4371001741 -91.0429662234 8
3146 7.7 7.3 8.1 30.4031091718 -91.0446869666 8
5930 8.1 7.7 8.5 30.4218584966 -91.0443903083 8
2677 7.7 7.3 8.1 30.4266884771 -91.0286917808 8
3371 8.9 8.4 9.6 30.4282234021 -91.0663456039 8
1186 10.3 9.5 11.3 30.4150594991 -91.0601139906 8
4324 8.6 8.2 9.2 30.3802062758 -91.1101149737 8
784 8.9 8.1 9.9 30.3765569088 -91.1372514169 8
3676 8.7 7.9 9.9 30.3975890373 -91.1924449762 8
9295 9.2 8.5 9.9 30.3839529583 -91.1915017743 8
2234 10.9 10 11.9 30.5520430127 -91.1608276597 8
3038 8.9 8.5 9.4 30.4678640159 -91.0204474711 8
2179 8.6 8 9.3 30.4336385775 -91.0147119769 8
3356 7.8 7.3 8.6 30.4012580306 -91.1640439289 8
4673 7 6.7 7.5 30.3914069549 -91.1414836853 8
3203 7.1 6.7 7.5 30.3815612629 -91.124512812 8
2944 10.7 10.1 11.3 30.4604822002 -91.1831493673 8
1946 10.5 9.8 11.4 30.439175473 -91.1871706811 8
3076 10.8 10.1 11.5 30.448995176 -91.1734832795 8
1624 8.6 7.9 9.4 30.5044286639 -91.1609191422 9
6750 7.7 7.1 8.4 30.4983580696 -91.1377231863 9
1795 8.2 7.5 8.9 30.4941288729 -91.1622694874 9
3082 8.2 7.6 8.9 30.4926899201 -91.1485707012 9
4152 9.1 8.3 10 30.4791562031 -91.1627032456 9
3645 7.1 6.4 7.8 30.4830308547 -91.1486504051 9
4275 8.8 8.1 9.4 30.4720369968 -91.1481525059 9
2433 7.2 6.6 7.9 30.4835066545 -91.1291744167 9
3594 6.8 6.3 7.4 30.4750302022 -91.1259312328 9
4239 9.5 8.6 10.5 30.4618764248 -91.1613366254 9
3527 10.1 9.1 11.2 30.459554079 -91.1472842753 9
3388 9.5 8.5 10.5 30.4614349651 -91.1089635983 9
3281 7.3 6.6 7.9 30.4605974784 -91.1338196562 9
4430 7.2 6.6 7.8 30.4601768763 -91.1216822878 9
3515 4.9 4.5 5.3 30.4457793754 -91.1606773841 9
5132 6 5.5 6.5 30.4423213017 -91.1456955324 9
2555 8.1 7.1 9.4 30.4481367185 -91.1253953588 9
2523 5.4 4.8 6 30.4399824107 -91.1244270502 9
3435 7.6 6.7 8.5 30.4406219886 -91.0989149061 9
1446 7.9 7.2 8.7 30.4357913592 -91.1740082449 9
2776 4.5 4.2 4.9 30.4328767007 -91.1590489449 9
2682 6.7 6.2 7.2 30.4257452809 -91.1904945019 9
3504 5.8 5.4 6.1 30.4258203583 -91.1745595599 9
3822 5.2 4.7 5.8 30.4167619854 -91.1565343842 9
3916 5.9 5.2 6.6 30.4026538632 -91.1308382679 9
1621 8.1 7.3 8.8 30.4258843987 -91.144983792 9
3471 1.7 1.5 1.8 30.4128712457 -91.1898838389 9
4111 1.4 1.3 1.5 30.4122648285 -91.1708265512 9
4755 5.3 4.8 5.7 30.5289405596 -91.1959042173 9
4109 10.2 9 11.3 30.5334044379 -91.1784614006 9
3278 6 5.4 6.6 30.5342831115 -91.1599182379 9
120 2.2 1.9 2.6 30.5297112101 -91.1415566967 9
5161 7.5 6.8 8.3 30.5158758542 -91.163876673 9
5165 7.2 6.6 7.9 30.5141605669 -91.1363751289 9
1122 5.9 5.5 6.4 30.4841433307 -91.1112740183 9
6857 6.5 6 7 30.4796482296 -91.0799015972 9
142 3.5 3 3.9 30.4772361461 -91.0531832205 9
3483 7.1 6.5 7.8 30.4639470932 -91.0876029097 9
2967 8.1 7.5 8.8 30.4647752964 -91.0649409557 9
6435 5.2 4.9 5.6 30.4668975587 -91.0469530429 9
5966 7.3 6.6 8.1 30.4445084666 -91.0787184596 9
3415 7.7 6.9 8.6 30.4480098086 -91.0634825247 9
6230 7.1 6.5 7.9 30.4506009344 -91.046501122 9
5873 5.5 5.1 5.9 30.4188352069 -91.1216903247 9
3516 7.5 6.6 8.5 30.4236803805 -91.0879071445 9
5066 4.7 4.4 5.1 30.4371001741 -91.0429662234 9
3146 6.1 5.5 6.6 30.4031091718 -91.0446869666 9
5930 5.9 5.4 6.6 30.4218584966 -91.0443903083 9
2677 5.1 4.6 5.6 30.4266884771 -91.0286917808 9
3371 5.7 5.2 6.2 30.4282234021 -91.0663456039 9
1186 5.4 5 5.9 30.4150594991 -91.0601139906 9
4324 6.1 5.6 6.7 30.3802062758 -91.1101149737 9
784 5.5 4.9 6 30.3765569088 -91.1372514169 9
3676 2.4 2.2 2.7 30.3975890373 -91.1924449762 9
9295 3.1 2.9 3.3 30.3839529583 -91.1915017743 9
2234 7.4 6.7 8.1 30.5520430127 -91.1608276597 9
3038 6.2 5.8 6.6 30.4678640159 -91.0204474711 9
2179 6.2 5.4 7 30.4336385775 -91.0147119769 9
3356 7.2 6.2 8.3 30.4012580306 -91.1640439289 9
4673 5.9 5.3 6.6 30.3914069549 -91.1414836853 9
3203 7.5 6.7 8.4 30.3815612629 -91.124512812 9
2944 8.3 7.8 8.9 30.4604822002 -91.1831493673 9
1946 8.2 7.4 8.9 30.439175473 -91.1871706811 9
3076 8.5 7.8 9.2 30.448995176 -91.1734832795 9
1624 75.4 74 76.6 30.5044286639 -91.1609191422 10
6750 76.1 74.9 77.3 30.4983580696 -91.1377231863 10
1795 75.9 74.6 77.1 30.4941288729 -91.1622694874 10
3082 75.9 74.7 77.1 30.4926899201 -91.1485707012 10
4152 76.7 75.4 77.9 30.4791562031 -91.1627032456 10
3645 76.6 75.4 77.7 30.4830308547 -91.1486504051 10
4275 78.5 77.6 79.3 30.4720369968 -91.1481525059 10
2433 74.8 73.5 75.9 30.4835066545 -91.1291744167 10
3594 77 75.8 78 30.4750302022 -91.1259312328 10
4239 79 78 80.1 30.4618764248 -91.1613366254 10
3527 78.4 77.3 79.3 30.459554079 -91.1472842753 10
3388 77.2 76.1 78.1 30.4614349651 -91.1089635983 10
3281 75.5 74.4 76.7 30.4605974784 -91.1338196562 10
4430 73.7 72.3 74.9 30.4601768763 -91.1216822878 10
3515 71.1 70.2 72 30.4457793754 -91.1606773841 10
5132 72 71.3 72.8 30.4423213017 -91.1456955324 10
2555 71.8 70.8 72.6 30.4481367185 -91.1253953588 10
2523 71.6 70.6 72.5 30.4399824107 -91.1244270502 10
3435 73.8 73 74.7 30.4406219886 -91.0989149061 10
1446 75.2 74.2 76.1 30.4357913592 -91.1740082449 10
2776 69.3 68.5 70 30.4328767007 -91.1590489449 10
2682 71.1 70.3 71.9 30.4257452809 -91.1904945019 10
3504 69.3 68.1 70.5 30.4258203583 -91.1745595599 10
3822 68.3 67.2 69.4 30.4167619854 -91.1565343842 10
3916 71.4 70.6 72.3 30.4026538632 -91.1308382679 10
1621 75.8 75 76.6 30.4258843987 -91.144983792 10
3471 60 58.5 61.3 30.4128712457 -91.1898838389 10
4111 60.6 58.2 62.8 30.4122648285 -91.1708265512 10
4755 75.1 72.7 77 30.5289405596 -91.1959042173 10
4109 79.9 78.9 80.9 30.5334044379 -91.1784614006 10
3278 68.3 66.5 70.1 30.5342831115 -91.1599182379 10
120 74.3 72.6 75.9 30.5297112101 -91.1415566967 10
5161 78.9 77.7 80 30.5158758542 -91.163876673 10
5165 77.6 76.6 78.4 30.5141605669 -91.1363751289 10
1122 73.1 72.1 74 30.4841433307 -91.1112740183 10
6857 77.2 76.3 78.1 30.4796482296 -91.0799015972 10
142 76.1 74.7 77.3 30.4772361461 -91.0531832205 10
3483 75.6 74.8 76.3 30.4639470932 -91.0876029097 10
2967 71.1 70.1 72 30.4647752964 -91.0649409557 10
6435 72 70.8 73.1 30.4668975587 -91.0469530429 10
5966 73.4 72.6 74.1 30.4445084666 -91.0787184596 10
3415 74.2 73.5 74.9 30.4480098086 -91.0634825247 10
6230 74.8 74.2 75.5 30.4506009344 -91.046501122 10
5873 71.6 71 72.2 30.4188352069 -91.1216903247 10
3516 72.7 71.8 73.6 30.4236803805 -91.0879071445 10
5066 72 70.9 73 30.4371001741 -91.0429662234 10
3146 71.7 70.9 72.5 30.4031091718 -91.0446869666 10
5930 72.3 71.5 73 30.4218584966 -91.0443903083 10
2677 70.7 69.9 71.5 30.4266884771 -91.0286917808 10
3371 69.5 68.6 70.4 30.4282234021 -91.0663456039 10
1186 69.7 68.4 70.8 30.4150594991 -91.0601139906 10
4324 76.1 75.4 76.8 30.3802062758 -91.1101149737 10
784 63.5 61.8 65.1 30.3765569088 -91.1372514169 10
3676 62.2 60 64.2 30.3975890373 -91.1924449762 10
9295 61.5 59.2 63.6 30.3839529583 -91.1915017743 10
2234 78.5 77.4 79.6 30.5520430127 -91.1608276597 10
3038 73.3 72.8 73.9 30.4678640159 -91.0204474711 10
2179 71 70 72 30.4336385775 -91.0147119769 10
3356 68.6 67.1 70 30.4012580306 -91.1640439289 10
4673 71.9 70.9 72.7 30.3914069549 -91.1414836853 10
3203 74.4 73.6 75.2 30.3815612629 -91.124512812 10
2944 72.5 71.7 73.3 30.4604822002 -91.1831493673 10
1946 74.3 73.3 75.1 30.439175473 -91.1871706811 10
3076 73.9 73.1 74.8 30.448995176 -91.1734832795 10
1624 51.5 46.8 56.2 30.5044286639 -91.1609191422 12
6750 57 52.4 61.4 30.4983580696 -91.1377231863 12
1795 52.9 47.7 57.9 30.4941288729 -91.1622694874 12
3082 53.3 48.7 57.8 30.4926899201 -91.1485707012 12
4152 53.7 49.1 58.1 30.4791562031 -91.1627032456 12
3645 58.5 53.6 63.1 30.4830308547 -91.1486504051 12
4275 60.5 57 63.7 30.4720369968 -91.1481525059 12
2433 55.1 50.5 59.4 30.4835066545 -91.1291744167 12
3594 60.9 56.8 64.6 30.4750302022 -91.1259312328 12
4239 59.6 54.6 64.2 30.4618764248 -91.1613366254 12
3527 56.1 51.4 61 30.459554079 -91.1472842753 12
3388 62.2 58.7 65.6 30.4614349651 -91.1089635983 12
3281 57.1 52.8 61.2 30.4605974784 -91.1338196562 12
4430 48.8 44 53.8 30.4601768763 -91.1216822878 12
3515 68.7 65.8 71.5 30.4457793754 -91.1606773841 12
5132 69.8 66.9 72.4 30.4423213017 -91.1456955324 12
2555 64.2 60 67.9 30.4481367185 -91.1253953588 12
2523 75.5 72.4 77.9 30.4399824107 -91.1244270502 12
3435 73.7 70.5 76.5 30.4406219886 -91.0989149061 12
1446 58.7 54 63.3 30.4357913592 -91.1740082449 12
2776 75.7 73.6 77.5 30.4328767007 -91.1590489449 12
2682 57.8 54.2 61.2 30.4257452809 -91.1904945019 12
3504 59.7 57 62.4 30.4258203583 -91.1745595599 12
3822 71 67.7 73.8 30.4167619854 -91.1565343842 12
3916 70.4 67 73.3 30.4026538632 -91.1308382679 12
1621 65 60.6 68.8 30.4258843987 -91.144983792 12
3471 52.5 49.3 55.7 30.4128712457 -91.1898838389 12
4111 59.5 56.9 62.2 30.4122648285 -91.1708265512 12
4755 59.7 55.6 63.3 30.5289405596 -91.1959042173 12
4109 60.6 56.1 65.2 30.5334044379 -91.1784614006 12
3278 49.7 44.5 55.2 30.5342831115 -91.1599182379 12
120 62.7 55.3 69.5 30.5297112101 -91.1415566967 12
5161 64.3 59.9 68.3 30.5158758542 -91.163876673 12
5165 62.9 59 66.6 30.5141605669 -91.1363751289 12
1122 60 56.1 63.6 30.4841433307 -91.1112740183 12
6857 66.7 63.4 69.6 30.4796482296 -91.0799015972 12
142 68.6 63.6 73.2 30.4772361461 -91.0531832205 12
3483 67.5 64.8 70.2 30.4639470932 -91.0876029097 12
2967 56.8 53.4 60.4 30.4647752964 -91.0649409557 12
6435 56.8 53.3 60.2 30.4668975587 -91.0469530429 12
5966 71.2 68.2 74.3 30.4445084666 -91.0787184596 12
3415 71.1 68 73.9 30.4480098086 -91.0634825247 12
6230 71.9 69.1 74.3 30.4506009344 -91.046501122 12
5873 72.1 69.8 74.1 30.4188352069 -91.1216903247 12
3516 71.8 67.9 75.2 30.4236803805 -91.0879071445 12
5066 64.2 61.4 67.1 30.4371001741 -91.0429662234 12
3146 71.8 68.5 74.4 30.4031091718 -91.0446869666 12
5930 70.7 67.8 73.5 30.4218584966 -91.0443903083 12
2677 72.4 69.3 75.3 30.4266884771 -91.0286917808 12
3371 64.1 60.7 67 30.4282234021 -91.0663456039 12
1186 58.6 54.7 62.4 30.4150594991 -91.0601139906 12
4324 72.2 68.9 75.1 30.3802062758 -91.1101149737 12
784 58.6 54.3 62.7 30.3765569088 -91.1372514169 12
3676 58.6 55 61.9 30.3975890373 -91.1924449762 12
9295 57.3 54.6 60 30.3839529583 -91.1915017743 12
2234 62.8 58.1 66.8 30.5520430127 -91.1608276597 12
3038 65.1 62.9 67.2 30.4678640159 -91.0204474711 12
2179 68.1 63.7 72 30.4336385775 -91.0147119769 12
3356 66.3 62.5 69.7 30.4012580306 -91.1640439289 12
4673 74.1 71.1 76.6 30.3914069549 -91.1414836853 12
3203 74.1 71.1 76.7 30.3815612629 -91.124512812 12
2944 58.4 55.5 61.1 30.4604822002 -91.1831493673 12
1946 59.6 54.9 63.5 30.439175473 -91.1871706811 12
3076 54.5 50.3 58.8 30.448995176 -91.1734832795 12
1624 11.1 9.8 12.5 30.5044286639 -91.1609191422 13
6750 9.3 8.2 10.6 30.4983580696 -91.1377231863 13
1795 10.2 9 11.6 30.4941288729 -91.1622694874 13
3082 10.3 9.1 11.7 30.4926899201 -91.1485707012 13
4152 11 9.7 12.6 30.4791562031 -91.1627032456 13
3645 8.7 7.6 10.1 30.4830308547 -91.1486504051 13
4275 9.6 8.6 10.7 30.4720369968 -91.1481525059 13
2433 8.9 7.8 10.1 30.4835066545 -91.1291744167 13
3594 7.5 6.6 8.6 30.4750302022 -91.1259312328 13
4239 10 8.5 11.6 30.4618764248 -91.1613366254 13
3527 10.8 9.4 12.4 30.459554079 -91.1472842753 13
3388 9 7.8 10.3 30.4614349651 -91.1089635983 13
3281 8.8 7.6 10 30.4605974784 -91.1338196562 13
4430 10.2 8.9 11.6 30.4601768763 -91.1216822878 13
3515 5 4.4 5.7 30.4457793754 -91.1606773841 13
5132 5.6 5 6.4 30.4423213017 -91.1456955324 13
2555 7.9 6.6 9.5 30.4481367185 -91.1253953588 13
2523 4.4 3.6 5.3 30.4399824107 -91.1244270502 13
3435 6.1 5.1 7.1 30.4406219886 -91.0989149061 13
1446 8.5 7.4 9.7 30.4357913592 -91.1740082449 13
2776 3.7 3.3 4.2 30.4328767007 -91.1590489449 13
2682 7.6 6.9 8.6 30.4257452809 -91.1904945019 13
3504 6.7 6.1 7.4 30.4258203583 -91.1745595599 13
3822 4.6 3.9 5.4 30.4167619854 -91.1565343842 13
3916 5 4.1 5.9 30.4026538632 -91.1308382679 13
1621 8 6.9 9.1 30.4258843987 -91.144983792 13
3471 2.9 2.5 3.4 30.4128712457 -91.1898838389 13
4111 3.6 2.9 4 30.4122648285 -91.1708265512 13
4755 6.5 5.7 7.6 30.5289405596 -91.1959042173 13
4109 9.8 8.2 11.5 30.5334044379 -91.1784614006 13
3278 8.2 7 9.4 30.5342831115 -91.1599182379 13
120 3.9 3.1 4.8 30.5297112101 -91.1415566967 13
5161 7.5 6.5 8.6 30.5158758542 -91.163876673 13
5165 8 7 9.1 30.5141605669 -91.1363751289 13
1122 6.5 5.8 7.2 30.4841433307 -91.1112740183 13
6857 6.3 5.6 7 30.4796482296 -91.0799015972 13
142 4.2 3.5 5 30.4772361461 -91.0531832205 13
3483 6.5 5.7 7.3 30.4639470932 -91.0876029097 13
2967 9.2 8.3 10.3 30.4647752964 -91.0649409557 13
6435 6.8 6.2 7.6 30.4668975587 -91.0469530429 13
5966 6.2 5.3 7.2 30.4445084666 -91.0787184596 13
3415 6.6 5.6 7.6 30.4480098086 -91.0634825247 13
6230 5.7 4.9 6.6 30.4506009344 -91.046501122 13
5873 4.7 4.2 5.3 30.4188352069 -91.1216903247 13
3516 6.2 5.1 7.5 30.4236803805 -91.0879071445 13
5066 5.5 4.9 6.1 30.4371001741 -91.0429662234 13
3146 5.5 4.7 6.3 30.4031091718 -91.0446869666 13
5930 5.5 4.8 6.3 30.4218584966 -91.0443903083 13
2677 4.8 4.1 5.5 30.4266884771 -91.0286917808 13
3371 6.2 5.5 7.1 30.4282234021 -91.0663456039 13
1186 7.1 6.2 7.9 30.4150594991 -91.0601139906 13
4324 5.6 4.8 6.4 30.3802062758 -91.1101149737 13
784 7 5.9 8.1 30.3765569088 -91.1372514169 13
3676 3.9 3.2 4.9 30.3975890373 -91.1924449762 13
9295 5 4.3 5.6 30.3839529583 -91.1915017743 13
2234 7.9 6.8 9.1 30.5520430127 -91.1608276597 13
3038 6.3 5.7 7 30.4678640159 -91.0204474711 13
2179 6.5 5.3 7.9 30.4336385775 -91.0147119769 13
3356 6 4.9 7.3 30.4012580306 -91.1640439289 13
4673 4.6 3.9 5.6 30.3914069549 -91.1414836853 13
3203 5.5 4.6 6.7 30.3815612629 -91.124512812 13
2944 9.5 8.6 10.4 30.4604822002 -91.1831493673 13
1946 8.8 7.6 9.9 30.439175473 -91.1871706811 13
3076 9.6 8.6 10.8 30.448995176 -91.1734832795 13
1624 15.3 11.5 19.9 30.5044286639 -91.1609191422 14
6750 18.5 15.1 22.5 30.4983580696 -91.1377231863 14
1795 16.2 12.7 20.1 30.4941288729 -91.1622694874 14
3082 18.1 14.6 22 30.4926899201 -91.1485707012 14
4152 15.8 12.1 20.4 30.4791562031 -91.1627032456 14
3645 18 13.5 22.8 30.4830308547 -91.1486504051 14
4275 17.5 14.1 21 30.4720369968 -91.1481525059 14
2433 17.9 14.5 21.9 30.4835066545 -91.1291744167 14
3594 19 15.3 23.2 30.4750302022 -91.1259312328 14
4239 17.4 12.6 22.6 30.4618764248 -91.1613366254 14
3527 16.1 11.9 20.5 30.459554079 -91.1472842753 14
3388 22.7 18.2 27.7 30.4614349651 -91.1089635983 14
3281 18 14 22.6 30.4605974784 -91.1338196562 14
4430 15 11.7 19.2 30.4601768763 -91.1216822878 14
3515 27 22.3 31.5 30.4457793754 -91.1606773841 14
5132 29.3 25 33.1 30.4423213017 -91.1456955324 14
2555 27.1 20.7 34.5 30.4481367185 -91.1253953588 14
2523 36.3 29.6 42.3 30.4399824107 -91.1244270502 14
3435 34.4 27.8 40.8 30.4406219886 -91.0989149061 14
1446 18 13.7 23.1 30.4357913592 -91.1740082449 14
2776 36.8 32.1 41.3 30.4328767007 -91.1590489449 14
2682 18.5 15.1 22.2 30.4257452809 -91.1904945019 14
3504 18.4 15.3 21.8 30.4258203583 -91.1745595599 14
3822 33 27.1 38.5 30.4167619854 -91.1565343842 14
3916 33.4 26.9 39.8 30.4026538632 -91.1308382679 14
1621 23.2 18.8 27.9 30.4258843987 -91.144983792 14
3471 23.7 19.4 28.7 30.4128712457 -91.1898838389 14
4111 26 20.6 32.6 30.4122648285 -91.1708265512 14
4755 16.8 13.1 21.1 30.5289405596 -91.1959042173 14
4109 17.4 12.9 22.9 30.5334044379 -91.1784614006 14
3278 15.5 11.6 20.2 30.5342831115 -91.1599182379 14
5161 19.1 14.3 24.5 30.5158758542 -91.163876673 14
5165 19 15.4 23.2 30.5141605669 -91.1363751289 14
1122 23.1 19.2 27.7 30.4841433307 -91.1112740183 14
6857 27 22.5 31.8 30.4796482296 -91.0799015972 14
142 31.1 18.6 44.6 30.4772361461 -91.0531832205 14
3483 28.2 23.2 33.6 30.4639470932 -91.0876029097 14
2967 22.3 17.9 27 30.4647752964 -91.0649409557 14
6435 21.7 18.4 25.3 30.4668975587 -91.0469530429 14
5966 32.7 26.5 39.2 30.4445084666 -91.0787184596 14
3415 32.1 26.1 38.7 30.4480098086 -91.0634825247 14
6230 33.6 27.5 39.8 30.4506009344 -91.046501122 14
5873 30.9 27.4 34.7 30.4188352069 -91.1216903247 14
3516 32.6 26.2 39.5 30.4236803805 -91.0879071445 14
5066 27.5 22.6 32.8 30.4371001741 -91.0429662234 14
3146 32.6 26.9 38.2 30.4031091718 -91.0446869666 14
5930 31.9 26.4 37.9 30.4218584966 -91.0443903083 14
2677 33.3 27.5 39.2 30.4266884771 -91.0286917808 14
3371 28 22.5 33.5 30.4282234021 -91.0663456039 14
1186 23.1 18.4 28.2 30.4150594991 -91.0601139906 14
4324 26.1 21.5 31.2 30.3802062758 -91.1101149737 14
784 24.2 19.4 29.1 30.3765569088 -91.1372514169 14
3676 25.3 20.2 30.6 30.3975890373 -91.1924449762 14
9295 23.9 19.4 28.9 30.3839529583 -91.1915017743 14
2234 18.8 14.1 24.4 30.5520430127 -91.1608276597 14
3038 27.4 23.4 31.6 30.4678640159 -91.0204474711 14
2179 30.2 22.8 37.5 30.4336385775 -91.0147119769 14
3356 29 22 36.4 30.4012580306 -91.1640439289 14
4673 35.3 29.5 41.1 30.3914069549 -91.1414836853 14
3203 34.8 29.2 40.7 30.3815612629 -91.124512812 14
2944 19.6 16.3 23.3 30.4604822002 -91.1831493673 14
1946 18.9 15.2 23.2 30.439175473 -91.1871706811 14
3076 17.5 14.1 21.5 30.448995176 -91.1734832795 14
1624 18.5 14.8 23.1 30.5044286639 -91.1609191422 15
6750 22.2 18.8 26 30.4983580696 -91.1377231863 15
1795 19.6 16.4 23.4 30.4941288729 -91.1622694874 15
3082 20.3 16.8 24.1 30.4926899201 -91.1485707012 15
4152 20 15.9 24.4 30.4791562031 -91.1627032456 15
3645 23 19 27.9 30.4830308547 -91.1486504051 15
4275 22.3 18.9 26.2 30.4720369968 -91.1481525059 15
2433 21.9 18.2 25.8 30.4835066545 -91.1291744167 15
3594 23 18.9 27.3 30.4750302022 -91.1259312328 15
4239 21.7 16.9 26.8 30.4618764248 -91.1613366254 15
3527 19.4 15.1 23.9 30.459554079 -91.1472842753 15
3388 23.9 20 28.2 30.4614349651 -91.1089635983 15
3281 21.6 17.7 25.8 30.4605974784 -91.1338196562 15
4430 17.9 14.2 21.8 30.4601768763 -91.1216822878 15
3515 31 27.4 34.4 30.4457793754 -91.1606773841 15
5132 33 29.3 36.8 30.4423213017 -91.1456955324 15
2555 26.6 20.3 33.4 30.4481367185 -91.1253953588 15
2523 39.9 33.8 45.1 30.4399824107 -91.1244270502 15
3435 37.3 31.7 42.8 30.4406219886 -91.0989149061 15
1446 21.5 17.2 25.9 30.4357913592 -91.1740082449 15
2776 39.7 35.7 43.5 30.4328767007 -91.1590489449 15
2682 21.9 18.4 25.6 30.4257452809 -91.1904945019 15
3504 22.1 19.2 25 30.4258203583 -91.1745595599 15
3822 35.4 30.5 40.4 30.4167619854 -91.1565343842 15
3916 34.8 29.5 40.1 30.4026538632 -91.1308382679 15
1621 26 21.7 30.5 30.4258843987 -91.144983792 15
3471 25.8 22.2 29.4 30.4128712457 -91.1898838389 15
4111 26 22.7 29.5 30.4122648285 -91.1708265512 15
4755 21.1 17.2 25.4 30.5289405596 -91.1959042173 15
4109 21.4 17.1 26.3 30.5334044379 -91.1784614006 15
3278 18.8 14.3 24.1 30.5342831115 -91.1599182379 15
120 31.8 20.9 43.4 30.5297112101 -91.1415566967 15
5161 23.8 19.4 28.4 30.5158758542 -91.163876673 15
5165 25.1 21.4 28.9 30.5141605669 -91.1363751289 15
1122 27.5 23.5 31.6 30.4841433307 -91.1112740183 15
6857 30.5 26.3 34.7 30.4796482296 -91.0799015972 15
142 34.4 28.7 40.6 30.4772361461 -91.0531832205 15
3483 31.6 26.7 36.5 30.4639470932 -91.0876029097 15
2967 23.7 20 28.1 30.4647752964 -91.0649409557 15
6435 25.5 22.5 28.9 30.4668975587 -91.0469530429 15
5966 35.3 29.9 40.8 30.4445084666 -91.0787184596 15
3415 35.2 29.4 40.6 30.4480098086 -91.0634825247 15
6230 37 32.3 42.1 30.4506009344 -91.046501122 15
5873 34.6 31.6 37.6 30.4188352069 -91.1216903247 15
3516 33.7 27.8 39.4 30.4236803805 -91.0879071445 15
5066 29.7 25.4 34.2 30.4371001741 -91.0429662234 15
3146 36.4 31.4 41.4 30.4031091718 -91.0446869666 15
5930 35 30.4 40.2 30.4218584966 -91.0443903083 15
2677 38.3 32.7 43.9 30.4266884771 -91.0286917808 15
3371 29.6 24.8 34.7 30.4282234021 -91.0663456039 15
1186 27 21.6 32.7 30.4150594991 -91.0601139906 15
4324 32 27.3 36.7 30.3802062758 -91.1101149737 15
784 28.5 22.6 35.3 30.3765569088 -91.1372514169 15
3676 27.8 24 31.5 30.3975890373 -91.1924449762 15
9295 26 22.3 30.5 30.3839529583 -91.1915017743 15
2234 24.5 19.8 29.6 30.5520430127 -91.1608276597 15
3038 29.3 25.5 33.7 30.4678640159 -91.0204474711 15
2179 33.1 27.2 38.9 30.4336385775 -91.0147119769 15
3356 27.5 21.2 34 30.4012580306 -91.1640439289 15
4673 38.7 32.9 43.9 30.3914069549 -91.1414836853 15
3203 37.9 32.6 42.7 30.3815612629 -91.124512812 15
2944 22.2 19.4 25.1 30.4604822002 -91.1831493673 15
1946 21.5 17.5 25.8 30.439175473 -91.1871706811 15
3076 19.6 16 23.3 30.448995176 -91.1734832795 15
1624 31.7 28.1 35.5 30.5044286639 -91.1609191422 16
6750 27.5 23.8 30.8 30.4983580696 -91.1377231863 16
1795 30.1 26.6 33.6 30.4941288729 -91.1622694874 16
3082 29.6 26.3 32.8 30.4926899201 -91.1485707012 16
4152 29.9 26.6 33.6 30.4791562031 -91.1627032456 16
3645 26.8 23.2 30.4 30.4830308547 -91.1486504051 16
4275 25.6 22.9 28.2 30.4720369968 -91.1481525059 16
2433 28 24.5 31.6 30.4835066545 -91.1291744167 16
3594 23 19.7 26.4 30.4750302022 -91.1259312328 16
4239 24.9 21.2 28.5 30.4618764248 -91.1613366254 16
3527 27 23.4 30.2 30.459554079 -91.1472842753 16
3388 20.7 17.6 23.8 30.4614349651 -91.1089635983 16
3281 26.1 22.1 30 30.4605974784 -91.1338196562 16
4430 32.1 28.2 35.9 30.4601768763 -91.1216822878 16
3515 16.6 14 19.3 30.4457793754 -91.1606773841 16
5132 15.9 13.6 18.5 30.4423213017 -91.1456955324 16
2555 19.2 16.6 21.9 30.4481367185 -91.1253953588 16
2523 11 8.8 13.7 30.4399824107 -91.1244270502 16
3435 13.2 10.7 15.8 30.4406219886 -91.0989149061 16
1446 24.2 21.2 27.1 30.4357913592 -91.1740082449 16
2776 10.4 8.7 12.5 30.4328767007 -91.1590489449 16
2682 23.8 21.2 26.4 30.4257452809 -91.1904945019 16
3504 21.3 18.6 24.1 30.4258203583 -91.1745595599 16
3822 12.6 9.9 15.5 30.4167619854 -91.1565343842 16
3916 13.2 10.8 15.6 30.4026538632 -91.1308382679 16
1621 20.7 17.6 23.6 30.4258843987 -91.144983792 16
3471 17.8 14.6 21.1 30.4128712457 -91.1898838389 16
4111 18.3 14.2 21.3 30.4122648285 -91.1708265512 16
4755 22.1 17.7 26.9 30.5289405596 -91.1959042173 16
4109 22.6 18.9 26.3 30.5334044379 -91.1784614006 16
3278 33.7 28 38.7 30.5342831115 -91.1599182379 16
120 21.4 16.4 26.4 30.5297112101 -91.1415566967 16
5161 20.9 17.8 24.2 30.5158758542 -91.163876673 16
5165 23.3 20.5 26.1 30.5141605669 -91.1363751289 16
1122 22.9 20.2 25.5 30.4841433307 -91.1112740183 16
6857 18.7 15.9 21.2 30.4796482296 -91.0799015972 16
142 18.3 14 22.8 30.4772361461 -91.0531832205 16
3483 17.8 15.6 20 30.4639470932 -91.0876029097 16
2967 24.7 22.1 27.2 30.4647752964 -91.0649409557 16
6435 25.4 22.6 28 30.4668975587 -91.0469530429 16
5966 15.1 12.9 17.5 30.4445084666 -91.0787184596 16
3415 15.5 13.5 17.6 30.4480098086 -91.0634825247 16
6230 13.5 11.6 15.5 30.4506009344 -91.046501122 16
5873 13 11.3 14.8 30.4188352069 -91.1216903247 16
3516 14.4 11.9 17.2 30.4236803805 -91.0879071445 16
5066 20.5 17.5 23.9 30.4371001741 -91.0429662234 16
3146 15.1 12.7 17.5 30.4031091718 -91.0446869666 16
5930 15.7 13.5 18 30.4218584966 -91.0443903083 16
2677 14.6 12.3 17.2 30.4266884771 -91.0286917808 16
3371 19.7 16.7 22.6 30.4282234021 -91.0663456039 16
1186 24.6 21.2 28 30.4150594991 -91.0601139906 16
4324 15.6 13.2 17.9 30.3802062758 -91.1101149737 16
784 23.7 18.9 28.7 30.3765569088 -91.1372514169 16
3676 18.7 14.1 24.7 30.3975890373 -91.1924449762 16
9295 20 15.9 23.4 30.3839529583 -91.1915017743 16
2234 22.7 19.3 26.1 30.5520430127 -91.1608276597 16
3038 19.2 17.4 21 30.4678640159 -91.0204474711 16
2179 17.3 14.1 20.6 30.4336385775 -91.0147119769 16
3356 14.1 10.9 17.5 30.4012580306 -91.1640439289 16
4673 10.5 8.4 13.1 30.3914069549 -91.1414836853 16
3203 10.8 8.5 13.4 30.3815612629 -91.124512812 16
2944 25.1 22.6 27.7 30.4604822002 -91.1831493673 16
1946 24.2 21.1 27.3 30.439175473 -91.1871706811 16
3076 27.3 24.2 30.3 30.448995176 -91.1734832795 16
1624 32.6 28.2 36.8 30.5044286639 -91.1609191422 17
6750 40.4 36 45.4 30.4983580696 -91.1377231863 17
1795 35.7 31.5 39.9 30.4941288729 -91.1622694874 17
3082 36.8 32.9 41 30.4926899201 -91.1485707012 17
4152 35 30.7 38.9 30.4791562031 -91.1627032456 17
3645 42.1 37.5 46.9 30.4830308547 -91.1486504051 17
4275 42.5 39 46.2 30.4720369968 -91.1481525059 17
2433 39.5 35 44 30.4835066545 -91.1291744167 17
3594 46.3 41.6 51.2 30.4750302022 -91.1259312328 17
4239 41.8 37 46.6 30.4618764248 -91.1613366254 17
3527 37.7 33.3 42.2 30.459554079 -91.1472842753 17
3388 48.4 43.7 53.1 30.4614349651 -91.1089635983 17
3281 41.4 36.3 46.8 30.4605974784 -91.1338196562 17
4430 31.8 27.4 36.4 30.4601768763 -91.1216822878 17
3515 64.4 60.8 67.6 30.4457793754 -91.1606773841 17
5132 67.2 64 70.3 30.4423213017 -91.1456955324 17
2555 57.3 52.8 61.4 30.4481367185 -91.1253953588 17
2523 77.4 74 80.1 30.4399824107 -91.1244270502 17
3435 73.2 69.6 76.5 30.4406219886 -91.0989149061 17
1446 44.8 40.6 48.9 30.4357913592 -91.1740082449 17
2776 78.9 76.6 81 30.4328767007 -91.1590489449 17
2682 44.9 41.5 48.2 30.4257452809 -91.1904945019 17
3504 49.2 45.1 53.1 30.4258203583 -91.1745595599 17
3822 72.6 68.5 75.8 30.4167619854 -91.1565343842 17
3916 70.8 67.4 73.9 30.4026538632 -91.1308382679 17
1621 54.3 50.2 58.9 30.4258843987 -91.144983792 17
3471 50.7 46.1 55.1 30.4128712457 -91.1898838389 17
4111 56.6 51.6 62.9 30.4122648285 -91.1708265512 17
4755 43.1 35.3 50.6 30.5289405596 -91.1959042173 17
4109 42.7 37.8 47.9 30.5334044379 -91.1784614006 17
3278 31.6 26.4 37.4 30.5342831115 -91.1599182379 17
120 53.8 46.6 61.2 30.5297112101 -91.1415566967 17
5161 49.2 44 54.1 30.5158758542 -91.163876673 17
5165 47.5 43.4 51.6 30.5141605669 -91.1363751289 17
1122 50.3 46.9 54.1 30.4841433307 -91.1112740183 17
6857 58.2 54.2 62.2 30.4796482296 -91.0799015972 17
142 60.3 54.2 66.5 30.4772361461 -91.0531832205 17
3483 60 56.7 63.6 30.4639470932 -91.0876029097 17
2967 43.5 39.9 47 30.4647752964 -91.0649409557 17
6435 43.8 40 47.5 30.4668975587 -91.0469530429 17
5966 68.9 65.6 72.1 30.4445084666 -91.0787184596 17
3415 67.1 63.8 70.3 30.4480098086 -91.0634825247 17
6230 70.1 67 72.8 30.4506009344 -91.046501122 17
5873 70 67.6 72.4 30.4188352069 -91.1216903247 17
3516 69 64.7 72.7 30.4236803805 -91.0879071445 17
5066 54.7 50 59.1 30.4371001741 -91.0429662234 17
3146 69.8 66.6 72.6 30.4031091718 -91.0446869666 17
5930 67.3 64.2 70.4 30.4218584966 -91.0443903083 17
2677 71.6 68.4 74.5 30.4266884771 -91.0286917808 17
3371 56.2 52.3 60.2 30.4282234021 -91.0663456039 17
1186 47.2 42.6 51.7 30.4150594991 -91.0601139906 17
4324 65.1 61.4 68.6 30.3802062758 -91.1101149737 17
784 51.8 45.9 57.6 30.3765569088 -91.1372514169 17
3676 55.4 47.2 61.9 30.3975890373 -91.1924449762 17
9295 53.9 48.5 59.8 30.3839529583 -91.1915017743 17
2234 47.5 42.9 52.6 30.5520430127 -91.1608276597 17
3038 57.5 54.9 60.2 30.4678640159 -91.0204474711 17
2179 64.2 59.8 68.5 30.4336385775 -91.0147119769 17
3356 64 58.9 69 30.4012580306 -91.1640439289 17
4673 76.7 73.1 79.4 30.3914069549 -91.1414836853 17
3203 75.9 72.7 78.9 30.3815612629 -91.124512812 17
2944 44.3 41.1 47.3 30.4604822002 -91.1831493673 17
1946 45.8 41.6 49.8 30.439175473 -91.1871706811 17
3076 40.5 36.8 44.1 30.448995176 -91.1734832795 17
1624 20.6 19.5 21.8 30.5044286639 -91.1609191422 18
6750 18 16.9 19 30.4983580696 -91.1377231863 18
1795 19.8 18.6 21.1 30.4941288729 -91.1622694874 18
3082 19.3 18.2 20.6 30.4926899201 -91.1485707012 18
4152 21.5 20.3 22.9 30.4791562031 -91.1627032456 18
3645 17.8 16.5 19 30.4830308547 -91.1486504051 18
4275 20.9 19.8 21.9 30.4720369968 -91.1481525059 18
2433 17.3 16.1 18.3 30.4835066545 -91.1291744167 18
3594 16.5 15.4 17.6 30.4750302022 -91.1259312328 18
4239 22 20.4 23.6 30.4618764248 -91.1613366254 18
3527 22.8 21.4 24.3 30.459554079 -91.1472842753 18
3388 16.2 15.1 17.2 30.4614349651 -91.1089635983 18
3281 16.8 15.6 17.9 30.4605974784 -91.1338196562 18
4430 17.9 16.8 19 30.4601768763 -91.1216822878 18
3515 9.8 9.2 10.4 30.4457793754 -91.1606773841 18
5132 10.3 9.7 11 30.4423213017 -91.1456955324 18
2555 11.9 10.8 13 30.4481367185 -91.1253953588 18
2523 7.6 6.9 8.4 30.4399824107 -91.1244270502 18
3435 10.2 9.2 11.1 30.4406219886 -91.0989149061 18
1446 17.8 16.6 19.1 30.4357913592 -91.1740082449 18
2776 6.4 6 6.9 30.4328767007 -91.1590489449 18
2682 14.8 14 15.7 30.4257452809 -91.1904945019 18
3504 12.1 11.6 12.7 30.4258203583 -91.1745595599 18
3822 7.5 6.9 8.2 30.4167619854 -91.1565343842 18
3916 8.4 7.7 9.2 30.4026538632 -91.1308382679 18
1621 15.6 14.4 16.8 30.4258843987 -91.144983792 18
3471 4 3.7 4.3 30.4128712457 -91.1898838389 18
4111 2.2 2.1 2.4 30.4122648285 -91.1708265512 18
4755 12.6 11.9 13.3 30.5289405596 -91.1959042173 18
4109 22.5 20.7 24 30.5334044379 -91.1784614006 18
3278 13.8 12.7 14.9 30.5342831115 -91.1599182379 18
120 7.5 6.7 8.3 30.5297112101 -91.1415566967 18
5161 17.7 16.4 18.9 30.5158758542 -91.163876673 18
5165 17.4 16.4 18.5 30.5141605669 -91.1363751289 18
1122 12.8 11.9 13.6 30.4841433307 -91.1112740183 18
6857 13.6 12.7 14.4 30.4796482296 -91.0799015972 18
142 9.2 8.2 10.2 30.4772361461 -91.0531832205 18
3483 12.9 12.1 13.7 30.4639470932 -91.0876029097 18
2967 14.4 13.7 15.1 30.4647752964 -91.0649409557 18
6435 12.9 12.3 13.6 30.4668975587 -91.0469530429 18
5966 10.2 9.5 11.1 30.4445084666 -91.0787184596 18
3415 11 10.2 11.9 30.4480098086 -91.0634825247 18
6230 10.8 10.1 11.6 30.4506009344 -91.046501122 18
5873 9.4 8.9 10 30.4188352069 -91.1216903247 18
3516 10 9.1 11.1 30.4236803805 -91.0879071445 18
5066 9.5 9 10.1 30.4371001741 -91.0429662234 18
3146 9.6 8.9 10.3 30.4031091718 -91.0446869666 18
5930 9.2 8.6 9.9 30.4218584966 -91.0443903083 18
2677 8.1 7.5 8.7 30.4266884771 -91.0286917808 18
3371 9.6 9 10.3 30.4282234021 -91.0663456039 18
1186 10.5 9.8 11.1 30.4150594991 -91.0601139906 18
4324 13.2 12.3 14.2 30.3802062758 -91.1101149737 18
784 8.9 8.3 9.5 30.3765569088 -91.1372514169 18
3676 4.7 4.3 5 30.3975890373 -91.1924449762 18
9295 5.3 5 5.5 30.3839529583 -91.1915017743 18
2234 18.2 16.7 19.5 30.5520430127 -91.1608276597 18
3038 11.5 11 12 30.4678640159 -91.0204474711 18
2179 10.1 9.2 11.1 30.4336385775 -91.0147119769 18
3356 8.7 7.8 9.6 30.4012580306 -91.1640439289 18
4673 8.5 7.9 9.4 30.3914069549 -91.1414836853 18
3203 10.2 9.3 11.3 30.3815612629 -91.124512812 18
2944 16.8 16 17.6 30.4604822002 -91.1831493673 18
1946 17.2 16 18.4 30.439175473 -91.1871706811 18
3076 18.9 17.7 20 30.448995176 -91.1734832795 18
3281 4 3.7 4.3 30.4605974784 -91.1338196562 20
1624 4.7 4.4 5.1 30.5044286639 -91.1609191422 20
6750 4 3.8 4.3 30.4983580696 -91.1377231863 20
1795 4.4 4.1 4.7 30.4941288729 -91.1622694874 20
3082 4.3 4.1 4.7 30.4926899201 -91.1485707012 20
4152 4.8 4.5 5.2 30.4791562031 -91.1627032456 20
3645 3.8 3.6 4.1 30.4830308547 -91.1486504051 20
4275 4.5 4.2 4.7 30.4720369968 -91.1481525059 20
2433 3.9 3.6 4.1 30.4835066545 -91.1291744167 20
3594 3.7 3.4 3.9 30.4750302022 -91.1259312328 20
4239 4.9 4.5 5.3 30.4618764248 -91.1613366254 20
3527 5.2 4.8 5.7 30.459554079 -91.1472842753 20
3388 4.3 4 4.7 30.4614349651 -91.1089635983 20
4430 4.3 4 4.6 30.4601768763 -91.1216822878 20
3515 2.4 2.3 2.6 30.4457793754 -91.1606773841 20
5132 2.6 2.5 2.8 30.4423213017 -91.1456955324 20
2555 3.4 3.1 3.8 30.4481367185 -91.1253953588 20
2523 2.2 2 2.4 30.4399824107 -91.1244270502 20
3435 2.8 2.6 3.1 30.4406219886 -91.0989149061 20
1446 4.1 3.8 4.4 30.4357913592 -91.1740082449 20
2776 1.9 1.8 2 30.4328767007 -91.1590489449 20
2682 3.6 3.4 3.8 30.4257452809 -91.1904945019 20
3504 3.1 3 3.2 30.4258203583 -91.1745595599 20
3822 2.2 2.1 2.4 30.4167619854 -91.1565343842 20
3916 2.5 2.3 2.7 30.4026538632 -91.1308382679 20
1621 3.7 3.4 4 30.4258843987 -91.144983792 20
3471 1.3 1.3 1.4 30.4128712457 -91.1898838389 20
4111 1.1 1 1.2 30.4122648285 -91.1708265512 20
4755 3.1 2.9 3.3 30.5289405596 -91.1959042173 20
4109 5.2 4.8 5.7 30.5334044379 -91.1784614006 20
3278 3.3 3.1 3.6 30.5342831115 -91.1599182379 20
120 1.9 1.7 2.1 30.5297112101 -91.1415566967 20
5161 4 3.7 4.3 30.5158758542 -91.163876673 20
5165 3.8 3.5 4 30.5141605669 -91.1363751289 20
1122 2.9 2.7 3.1 30.4841433307 -91.1112740183 20
6857 3.1 2.9 3.3 30.4796482296 -91.0799015972 20
142 2.2 2 2.5 30.4772361461 -91.0531832205 20
3483 3 2.8 3.2 30.4639470932 -91.0876029097 20
2967 3.9 3.6 4.1 30.4647752964 -91.0649409557 20
6435 3 2.8 3.2 30.4668975587 -91.0469530429 20
5966 2.8 2.6 3 30.4445084666 -91.0787184596 20
3415 2.9 2.7 3.2 30.4480098086 -91.0634825247 20
6230 2.8 2.6 3 30.4506009344 -91.046501122 20
5873 2.4 2.3 2.5 30.4188352069 -91.1216903247 20
3516 2.9 2.7 3.2 30.4236803805 -91.0879071445 20
5066 2.5 2.4 2.6 30.4371001741 -91.0429662234 20
3146 2.5 2.3 2.6 30.4031091718 -91.0446869666 20
5930 2.5 2.3 2.7 30.4218584966 -91.0443903083 20
2677 2.2 2 2.3 30.4266884771 -91.0286917808 20
3371 2.7 2.6 2.9 30.4282234021 -91.0663456039 20
1186 2.8 2.6 3 30.4150594991 -91.0601139906 20
4324 3 2.8 3.2 30.3802062758 -91.1101149737 20
784 2.5 2.3 2.7 30.3765569088 -91.1372514169 20
3676 1.6 1.4 1.7 30.3975890373 -91.1924449762 20
9295 1.8 1.7 1.9 30.3839529583 -91.1915017743 20
2234 3.9 3.6 4.2 30.5520430127 -91.1608276597 20
3038 2.9 2.8 3.1 30.4678640159 -91.0204474711 20
2179 2.7 2.5 2.9 30.4336385775 -91.0147119769 20
3356 2.9 2.6 3.2 30.4012580306 -91.1640439289 20
4673 2.3 2.2 2.5 30.3914069549 -91.1414836853 20
3203 2.8 2.6 3.1 30.3815612629 -91.124512812 20
2944 4.1 3.9 4.3 30.4604822002 -91.1831493673 20
1946 4.1 3.8 4.4 30.439175473 -91.1871706811 20
3076 4.3 4.1 4.6 30.448995176 -91.1734832795 20
1624 45.6 41.8 49.3 30.5044286639 -91.1609191422 21
6750 40.2 36.4 43.6 30.4983580696 -91.1377231863 21
1795 43.6 40 47 30.4941288729 -91.1622694874 21
3082 42.8 39.3 46.1 30.4926899201 -91.1485707012 21
4152 44.4 40.9 48.2 30.4791562031 -91.1627032456 21
3645 38.7 34.9 42.5 30.4830308547 -91.1486504051 21
4275 40.1 37.1 42.9 30.4720369968 -91.1481525059 21
2433 40.1 36.5 43.7 30.4835066545 -91.1291744167 21
3594 35.3 31.7 38.9 30.4750302022 -91.1259312328 21
4239 41.1 37.1 45.2 30.4618764248 -91.1613366254 21
3527 43.5 39.9 47.2 30.459554079 -91.1472842753 21
3388 36.6 32.7 40 30.4614349651 -91.1089635983 21
3281 38.3 34 42.5 30.4605974784 -91.1338196562 21
4430 45 41 48.9 30.4601768763 -91.1216822878 21
3515 22.4 20.4 24.7 30.4457793754 -91.1606773841 21
5132 22.4 20.3 24.5 30.4423213017 -91.1456955324 21
2555 29.7 26.5 33.1 30.4481367185 -91.1253953588 21
2523 16.2 14.3 18.8 30.4399824107 -91.1244270502 21
3435 21.4 18.6 24.4 30.4406219886 -91.0989149061 21
1446 36.6 33.3 39.7 30.4357913592 -91.1740082449 21
2776 14.3 13 15.8 30.4328767007 -91.1590489449 21
2682 34.3 31.8 37 30.4257452809 -91.1904945019 21
3504 30.3 27.9 33 30.4258203583 -91.1745595599 21
3822 17.6 15.4 19.9 30.4167619854 -91.1565343842 21
3916 19.8 17.3 22.5 30.4026538632 -91.1308382679 21
1621 32.2 28.9 35.3 30.4258843987 -91.144983792 21
3471 24.2 21.3 27.4 30.4128712457 -91.1898838389 21
4111 21.2 17.5 24.7 30.4122648285 -91.1708265512 21
4755 33.8 28.7 39.2 30.5289405596 -91.1959042173 21
4109 40.4 35.8 44.5 30.5334044379 -91.1784614006 21
3278 39.6 34.5 44.3 30.5342831115 -91.1599182379 21
120 26.9 22.1 31.5 30.5297112101 -91.1415566967 21
5161 34.5 31 38.3 30.5158758542 -91.163876673 21
5165 35.8 32.7 38.7 30.5141605669 -91.1363751289 21
1122 31.8 29.1 34.5 30.4841433307 -91.1112740183 21
6857 29.1 26.1 31.9 30.4796482296 -91.0799015972 21
142 24.8 20.4 29.2 30.4772361461 -91.0531832205 21
3483 28.5 25.9 31.1 30.4639470932 -91.0876029097 21
2967 37.6 34.8 40.3 30.4647752964 -91.0649409557 21
6435 35.9 33.1 38.8 30.4668975587 -91.0469530429 21
5966 23.3 20.8 25.9 30.4445084666 -91.0787184596 21
3415 24.8 22.4 27.5 30.4480098086 -91.0634825247 21
6230 22.7 20.4 25.1 30.4506009344 -91.046501122 21
5873 19.6 18 21.4 30.4188352069 -91.1216903247 21
3516 22.5 19.8 25.7 30.4236803805 -91.0879071445 21
5066 27.6 24.7 30.8 30.4371001741 -91.0429662234 21
3146 21.8 19.5 24 30.4031091718 -91.0446869666 21
5930 22.3 20.2 24.6 30.4218584966 -91.0443903083 21
2677 19.4 17.3 21.8 30.4266884771 -91.0286917808 21
3371 26.5 23.9 29.2 30.4282234021 -91.0663456039 21
1186 32.2 28.9 35.5 30.4150594991 -91.0601139906 21
4324 24.8 22.1 27.4 30.3802062758 -91.1101149737 21
784 28.1 24.2 32.1 30.3765569088 -91.1372514169 21
3676 22.1 18.4 27.1 30.3975890373 -91.1924449762 21
9295 23.6 20.3 26.8 30.3839529583 -91.1915017743 21
2234 35.9 32 39.8 30.5520430127 -91.1608276597 21
3038 28.9 26.9 30.8 30.4678640159 -91.0204474711 21
2179 24.2 21.1 27.3 30.4336385775 -91.0147119769 21
3356 23.1 19.9 26.7 30.4012580306 -91.1640439289 21
4673 17.1 15.2 19.7 30.3914069549 -91.1414836853 21
3203 18.9 16.5 21.9 30.3815612629 -91.124512812 21
2944 36.1 33.6 38.5 30.4604822002 -91.1831493673 21
1946 36.1 32.8 39.4 30.439175473 -91.1871706811 21
3076 39.4 36.4 42.6 30.448995176 -91.1734832795 21
1624 82.6 79.2 85.3 30.5044286639 -91.1609191422 22
6750 82 78.9 84.8 30.4983580696 -91.1377231863 22
1795 82.8 79.4 85.4 30.4941288729 -91.1622694874 22
3082 82.5 79.1 85.3 30.4926899201 -91.1485707012 22
4152 81.7 78.2 84.7 30.4791562031 -91.1627032456 22
3645 82.6 79.2 85.6 30.4830308547 -91.1486504051 22
4275 82.9 80.5 85 30.4720369968 -91.1481525059 22
2433 81.8 78.7 84.6 30.4835066545 -91.1291744167 22
3594 83.6 80.9 86 30.4750302022 -91.1259312328 22
4239 82.3 78.7 85.2 30.4618764248 -91.1613366254 22
3527 82.5 79.4 85.5 30.459554079 -91.1472842753 22
3388 79.4 76.8 81.9 30.4614349651 -91.1089635983 22
3281 82.6 79.6 85.4 30.4605974784 -91.1338196562 22
4430 81.8 78.3 84.8 30.4601768763 -91.1216822878 22
3515 82.5 80.3 84.6 30.4457793754 -91.1606773841 22
5132 81 78.4 83.1 30.4423213017 -91.1456955324 22
2555 78.8 75.4 81.9 30.4481367185 -91.1253953588 22
2523 80.3 76.9 83 30.4399824107 -91.1244270502 22
3435 78.5 75.3 81.4 30.4406219886 -91.0989149061 22
1446 83.2 80.1 86 30.4357913592 -91.1740082449 22
2776 80.9 78.6 83 30.4328767007 -91.1590489449 22
2682 82.9 80.6 85.1 30.4257452809 -91.1904945019 22
3504 82.9 80.8 84.7 30.4258203583 -91.1745595599 22
3822 80.8 77.8 83.6 30.4167619854 -91.1565343842 22
3916 79.7 76.4 82.5 30.4026538632 -91.1308382679 22
1621 81.3 78.4 84 30.4258843987 -91.144983792 22
3471 78.4 75 81.4 30.4128712457 -91.1898838389 22
4111 78.2 76 80.5 30.4122648285 -91.1708265512 22
4755 83.2 80.3 85.5 30.5289405596 -91.1959042173 22
4109 82.8 79.3 85.7 30.5334044379 -91.1784614006 22
3278 80.8 77.8 83.8 30.5342831115 -91.1599182379 22
120 82.7 78.5 86.3 30.5297112101 -91.1415566967 22
5161 83.8 80.7 86.2 30.5158758542 -91.163876673 22
5165 82.7 80.1 85.1 30.5141605669 -91.1363751289 22
1122 82 79.3 84.3 30.4841433307 -91.1112740183 22
6857 81.9 79.5 84.3 30.4796482296 -91.0799015972 22
142 85.8 82.5 88.4 30.4772361461 -91.0531832205 22
3483 79.9 77.3 82 30.4639470932 -91.0876029097 22
2967 77.7 75 80.3 30.4647752964 -91.0649409557 22
6435 80.5 77.8 82.7 30.4668975587 -91.0469530429 22
5966 78.3 75 81.2 30.4445084666 -91.0787184596 22
3415 77.3 73.9 80.3 30.4480098086 -91.0634825247 22
6230 78.2 75.1 81.1 30.4506009344 -91.046501122 22
5873 82.1 80 83.8 30.4188352069 -91.1216903247 22
3516 79.2 75.5 82.4 30.4236803805 -91.0879071445 22
5066 80.5 78 82.7 30.4371001741 -91.0429662234 22
3146 79.2 76.3 81.8 30.4031091718 -91.0446869666 22
5930 79 76 81.7 30.4218584966 -91.0443903083 22
2677 79.5 76 82.4 30.4266884771 -91.0286917808 22
3371 79.3 76.1 82 30.4282234021 -91.0663456039 22
1186 78 74.6 81.1 30.4150594991 -91.0601139906 22
4324 83.1 80.7 85.2 30.3802062758 -91.1101149737 22
784 77.1 73.7 80.1 30.3765569088 -91.1372514169 22
3676 80 77 82.5 30.3975890373 -91.1924449762 22
9295 79.9 77.3 82.5 30.3839529583 -91.1915017743 22
2234 82.9 79.9 85.6 30.5520430127 -91.1608276597 22
3038 79.2 77.4 81 30.4678640159 -91.0204474711 22
2179 79.3 75.1 82.7 30.4336385775 -91.0147119769 22
3356 79.3 76.1 82.3 30.4012580306 -91.1640439289 22
4673 80.3 77 82.9 30.3914069549 -91.1414836853 22
3203 79.7 76.5 82.4 30.3815612629 -91.124512812 22
2944 82.3 80.3 84.2 30.4604822002 -91.1831493673 22
1946 82.4 79.3 84.9 30.439175473 -91.1871706811 22
3076 82.5 79.7 84.7 30.448995176 -91.1734832795 22
1624 20.3 18.3 22.6 30.5044286639 -91.1609191422 23
6750 17.6 15.6 19.5 30.4983580696 -91.1377231863 23
1795 18.8 17.1 20.8 30.4941288729 -91.1622694874 23
3082 19 17.2 20.9 30.4926899201 -91.1485707012 23
4152 19.1 17.3 21.2 30.4791562031 -91.1627032456 23
3645 17.1 15.3 19 30.4830308547 -91.1486504051 23
4275 16.2 14.8 17.6 30.4720369968 -91.1481525059 23
2433 17.8 16 19.8 30.4835066545 -91.1291744167 23
3594 15.5 13.7 17.4 30.4750302022 -91.1259312328 23
4239 16 14.2 17.9 30.4618764248 -91.1613366254 23
3527 17.3 15.6 19.1 30.459554079 -91.1472842753 23
3388 14.6 12.9 16.5 30.4614349651 -91.1089635983 23
3281 17.6 15.6 19.9 30.4605974784 -91.1338196562 23
4430 21.1 18.9 23.5 30.4601768763 -91.1216822878 23
3515 11.7 10.5 13.1 30.4457793754 -91.1606773841 23
5132 11 10 12.2 30.4423213017 -91.1456955324 23
2555 13.3 12 14.7 30.4481367185 -91.1253953588 23
2523 8.6 7.7 9.8 30.4399824107 -91.1244270502 23
3435 9.4 8.3 10.5 30.4406219886 -91.0989149061 23
1446 15.9 14.4 17.5 30.4357913592 -91.1740082449 23
2776 8.5 7.8 9.4 30.4328767007 -91.1590489449 23
2682 16.3 14.9 17.7 30.4257452809 -91.1904945019 23
3504 16.4 14.9 18.1 30.4258203583 -91.1745595599 23
3822 10.1 8.9 11.5 30.4167619854 -91.1565343842 23
3916 10.1 9 11.3 30.4026538632 -91.1308382679 23
1621 13.6 12.1 15.1 30.4258843987 -91.144983792 23
3471 13.9 12.3 15.7 30.4128712457 -91.1898838389 23
4111 18.4 15.2 20.2 30.4122648285 -91.1708265512 23
4755 17.5 14.7 20.8 30.5289405596 -91.1959042173 23
4109 15.5 13.6 17.5 30.5334044379 -91.1784614006 23
3278 19 16.4 21.7 30.5342831115 -91.1599182379 23
120 14.2 11.9 16.8 30.5297112101 -91.1415566967 23
5161 14.3 12.8 16.1 30.5158758542 -91.163876673 23
5165 15.2 13.7 16.8 30.5141605669 -91.1363751289 23
1122 14.4 13.1 15.7 30.4841433307 -91.1112740183 23
6857 12.4 11.1 13.6 30.4796482296 -91.0799015972 23
142 12.1 10.2 14 30.4772361461 -91.0531832205 23
3483 11.8 10.7 12.9 30.4639470932 -91.0876029097 23
2967 16.8 15.5 18.3 30.4647752964 -91.0649409557 23
6435 16.6 15.2 18.2 30.4668975587 -91.0469530429 23
5966 10.4 9.4 11.4 30.4445084666 -91.0787184596 23
3415 10.6 9.7 11.7 30.4480098086 -91.0634825247 23
6230 9.6 8.7 10.5 30.4506009344 -91.046501122 23
5873 10 9.2 11 30.4188352069 -91.1216903247 23
3516 10.4 9.2 11.6 30.4236803805 -91.0879071445 23
5066 13.9 12.5 15.6 30.4371001741 -91.0429662234 23
3146 10.5 9.5 11.5 30.4031091718 -91.0446869666 23
5930 11.1 10.1 12.1 30.4218584966 -91.0443903083 23
2677 10.3 9.3 11.5 30.4266884771 -91.0286917808 23
3371 13.8 12.4 15.4 30.4282234021 -91.0663456039 23
1186 16.7 14.8 18.6 30.4150594991 -91.0601139906 23
4324 10.7 9.6 11.8 30.3802062758 -91.1101149737 23
784 16.2 13.9 18.7 30.3765569088 -91.1372514169 23
3676 15.1 12.4 18.3 30.3975890373 -91.1924449762 23
9295 17.4 14.7 19.2 30.3839529583 -91.1915017743 23
2234 14.9 13.2 16.7 30.5520430127 -91.1608276597 23
3038 12.8 11.9 13.6 30.4678640159 -91.0204474711 23
2179 12.2 10.7 13.7 30.4336385775 -91.0147119769 23
3356 12.1 10.3 13.9 30.4012580306 -91.1640439289 23
4673 8.7 7.7 10 30.3914069549 -91.1414836853 23
3203 8.6 7.6 9.7 30.3815612629 -91.124512812 23
2944 16.9 15.6 18.3 30.4604822002 -91.1831493673 23
1946 15.9 14.4 17.6 30.439175473 -91.1871706811 23
3076 17.3 15.9 18.7 30.448995176 -91.1734832795 23
1624 48.8 47.1 50.3 30.5044286639 -91.1609191422 24
6750 44.4 42.8 45.9 30.4983580696 -91.1377231863 24
1795 47.6 45.8 49.3 30.4941288729 -91.1622694874 24
3082 46.6 45.1 47.9 30.4926899201 -91.1485707012 24
4152 47.6 46 49.1 30.4791562031 -91.1627032456 24
3645 44.5 42.7 46.2 30.4830308547 -91.1486504051 24
4275 44.9 43.6 46.2 30.4720369968 -91.1481525059 24
2433 44.3 42.6 45.7 30.4835066545 -91.1291744167 24
3594 42 40 43.6 30.4750302022 -91.1259312328 24
4239 45.2 43.5 47 30.4618764248 -91.1613366254 24
3527 46.9 45.2 48.4 30.459554079 -91.1472842753 24
3388 36.2 34.6 37.7 30.4614349651 -91.1089635983 24
3281 43.9 42.1 45.7 30.4605974784 -91.1338196562 24
4430 47.7 46.2 49.3 30.4601768763 -91.1216822878 24
3515 30.8 29.6 32 30.4457793754 -91.1606773841 24
5132 29.4 28.3 30.6 30.4423213017 -91.1456955324 24
2555 31.2 29.8 32.5 30.4481367185 -91.1253953588 24
2523 23.6 22.3 25.2 30.4399824107 -91.1244270502 24
3435 25 23.4 26.4 30.4406219886 -91.0989149061 24
1446 41.4 39.6 42.8 30.4357913592 -91.1740082449 24
2776 22.3 21.4 23.4 30.4328767007 -91.1590489449 24
2682 38.7 37.6 40 30.4257452809 -91.1904945019 24
3504 33.5 32.4 34.6 30.4258203583 -91.1745595599 24
3822 24.4 23 26 30.4167619854 -91.1565343842 24
3916 26 24.7 27.3 30.4026538632 -91.1308382679 24
1621 36.6 35 38 30.4258843987 -91.144983792 24
3471 21.2 19.9 22.6 30.4128712457 -91.1898838389 24
4111 21.7 19.4 23.7 30.4122648285 -91.1708265512 24
4755 38.5 35.7 40.7 30.5289405596 -91.1959042173 24
4109 44.6 42.4 46.6 30.5334044379 -91.1784614006 24
3278 44.6 42.2 46.6 30.5342831115 -91.1599182379 24
120 37.2 34.6 39.6 30.5297112101 -91.1415566967 24
5161 41.2 39.4 42.7 30.5158758542 -91.163876673 24
5165 41.6 40.2 42.9 30.5141605669 -91.1363751289 24
1122 38.6 37.2 39.8 30.4841433307 -91.1112740183 24
6857 36.6 35 38.1 30.4796482296 -91.0799015972 24
142 37.5 34.8 39.8 30.4772361461 -91.0531832205 24
3483 32.2 31 33.4 30.4639470932 -91.0876029097 24
2967 38.3 37.2 39.3 30.4647752964 -91.0649409557 24
6435 39.1 37.8 40.3 30.4668975587 -91.0469530429 24
5966 27 25.7 28.4 30.4445084666 -91.0787184596 24
3415 27.2 26 28.3 30.4480098086 -91.0634825247 24
6230 26.4 25.3 27.5 30.4506009344 -91.046501122 24
5873 26.8 25.9 27.7 30.4188352069 -91.1216903247 24
3516 26.1 24.7 27.6 30.4236803805 -91.0879071445 24
5066 34.9 33.3 36.4 30.4371001741 -91.0429662234 24
3146 27 25.6 28.3 30.4031091718 -91.0446869666 24
5930 28.1 26.8 29.3 30.4218584966 -91.0443903083 24
2677 26.1 24.8 27.4 30.4266884771 -91.0286917808 24
3371 31.6 30.2 33.1 30.4282234021 -91.0663456039 24
1186 35.8 34.3 37.2 30.4150594991 -91.0601139906 24
4324 32.4 31 33.7 30.3802062758 -91.1101149737 24
784 29.9 28 31.6 30.3765569088 -91.1372514169 24
3676 25.2 23.2 27.3 30.3975890373 -91.1924449762 24
9295 25.9 23.8 27.8 30.3839529583 -91.1915017743 24
2234 42.8 40.9 44.5 30.5520430127 -91.1608276597 24
3038 33.3 32.4 34.2 30.4678640159 -91.0204474711 24
2179 29.5 27.8 31 30.4336385775 -91.0147119769 24
3356 23.6 21.9 25.4 30.4012580306 -91.1640439289 24
4673 22.7 21.4 24.1 30.3914069549 -91.1414836853 24
3203 24.3 22.8 25.7 30.3815612629 -91.124512812 24
2944 40.4 39.2 41.4 30.4604822002 -91.1831493673 24
1946 40.7 39.1 42.2 30.439175473 -91.1871706811 24
3076 44.1 42.7 45.4 30.448995176 -91.1734832795 24
1624 85.7 83.4 87.9 30.5044286639 -91.1609191422 25
6750 85.8 83.5 88 30.4983580696 -91.1377231863 25
1795 85.4 83 87.5 30.4941288729 -91.1622694874 25
3082 85.4 83.1 87.3 30.4926899201 -91.1485707012 25
4152 85.2 82.8 87.5 30.4791562031 -91.1627032456 25
3645 85.7 83.3 88 30.4830308547 -91.1486504051 25
4275 85.7 83.9 87.5 30.4720369968 -91.1481525059 25
2433 85.5 83.3 87.5 30.4835066545 -91.1291744167 25
3594 86.1 83.8 88.4 30.4750302022 -91.1259312328 25
4239 86 83.5 88.5 30.4618764248 -91.1613366254 25
3527 85.9 83.5 88 30.459554079 -91.1472842753 25
3388 84.6 81.8 86.9 30.4614349651 -91.1089635983 25
3281 86.1 83.6 88.5 30.4605974784 -91.1338196562 25
4430 84.9 82.4 87.3 30.4601768763 -91.1216822878 25
3515 86.1 83.9 88 30.4457793754 -91.1606773841 25
5132 86.1 84.3 87.9 30.4423213017 -91.1456955324 25
2555 84.8 82.6 86.8 30.4481367185 -91.1253953588 25
2523 87.3 85 89.1 30.4399824107 -91.1244270502 25
3435 84.9 82.5 87.2 30.4406219886 -91.0989149061 25
1446 85.8 83.7 87.9 30.4357913592 -91.1740082449 25
2776 87 85.3 88.5 30.4328767007 -91.1590489449 25
2682 84.9 83.2 86.5 30.4257452809 -91.1904945019 25
3504 82.9 80.9 84.7 30.4258203583 -91.1745595599 25
3822 86.3 83.8 88.4 30.4167619854 -91.1565343842 25
3916 86.6 84.3 88.6 30.4026538632 -91.1308382679 25
1621 85.1 82.9 87.3 30.4258843987 -91.144983792 25
3471 77.9 74.2 81.1 30.4128712457 -91.1898838389 25
4111 76.6 72.6 80.2 30.4122648285 -91.1708265512 25
4755 84.4 80.8 87.4 30.5289405596 -91.1959042173 25
4109 86.7 83.9 89.2 30.5334044379 -91.1784614006 25
3278 85 82.7 87.3 30.5342831115 -91.1599182379 25
120 88.5 85.9 90.8 30.5297112101 -91.1415566967 25
5161 86.2 83.5 88.7 30.5158758542 -91.163876673 25
5165 85.7 83.6 87.7 30.5141605669 -91.1363751289 25
1122 86.7 84.8 88.4 30.4841433307 -91.1112740183 25
6857 86.5 84.6 88.3 30.4796482296 -91.0799015972 25
142 89.8 87.5 92 30.4772361461 -91.0531832205 25
3483 84.5 82.7 86.2 30.4639470932 -91.0876029097 25
2967 84.4 82.5 86.1 30.4647752964 -91.0649409557 25
6435 84.2 82 86.1 30.4668975587 -91.0469530429 25
5966 85.2 82.8 87.1 30.4445084666 -91.0787184596 25
3415 83.6 81.5 85.6 30.4480098086 -91.0634825247 25
6230 84.8 82.9 86.5 30.4506009344 -91.046501122 25
5873 86.2 84.7 87.6 30.4188352069 -91.1216903247 25
3516 85.3 82.6 87.7 30.4236803805 -91.0879071445 25
5066 86.4 84.1 88.4 30.4371001741 -91.0429662234 25
3146 85 82.8 86.8 30.4031091718 -91.0446869666 25
5930 85.2 83.2 87.1 30.4218584966 -91.0443903083 25
2677 85.5 83.3 87.5 30.4266884771 -91.0286917808 25
3371 85.1 83 87.1 30.4282234021 -91.0663456039 25
1186 84.2 81.7 86.4 30.4150594991 -91.0601139906 25
4324 86.5 84.5 88.3 30.3802062758 -91.1101149737 25
784 81.7 77.9 85 30.3765569088 -91.1372514169 25
3676 80.9 75.6 84.9 30.3975890373 -91.1924449762 25
9295 79.1 75.1 83.3 30.3839529583 -91.1915017743 25
2234 86.7 84.4 89.1 30.5520430127 -91.1608276597 25
3038 85.7 84.5 86.8 30.4678640159 -91.0204474711 25
2179 84.8 82.2 87.2 30.4336385775 -91.0147119769 25
3356 82.1 78.2 85.2 30.4012580306 -91.1640439289 25
4673 85.5 82.9 87.6 30.3914069549 -91.1414836853 25
3203 86.3 83.8 88.4 30.3815612629 -91.124512812 25
2944 84.6 82.7 86.4 30.4604822002 -91.1831493673 25
1946 85.8 83.7 87.8 30.439175473 -91.1871706811 25
3076 85.6 83.8 87.3 30.448995176 -91.1734832795 25
1624 20.9 18.9 23 30.5044286639 -91.1609191422 26
6750 17.8 16 19.8 30.4983580696 -91.1377231863 26
1795 19.5 17.7 21.6 30.4941288729 -91.1622694874 26
3082 19.5 17.7 21.4 30.4926899201 -91.1485707012 26
4152 20.4 18.5 22.7 30.4791562031 -91.1627032456 26
3645 17 15.2 19.1 30.4830308547 -91.1486504051 26
4275 18 16.4 19.5 30.4720369968 -91.1481525059 26
2433 17.5 15.7 19.4 30.4835066545 -91.1291744167 26
3594 15 13.5 16.6 30.4750302022 -91.1259312328 26
4239 18.4 16.3 20.7 30.4618764248 -91.1613366254 26
3527 19.9 17.9 22.2 30.459554079 -91.1472842753 26
3388 15.8 14.1 17.5 30.4614349651 -91.1089635983 26
3281 17 15.1 18.9 30.4605974784 -91.1338196562 26
4430 19.9 18 22 30.4601768763 -91.1216822878 26
3515 10 9 11 30.4457793754 -91.1606773841 26
5132 10.5 9.5 11.5 30.4423213017 -91.1456955324 26
2555 13.8 12.1 15.7 30.4481367185 -91.1253953588 26
2523 8 7 9.4 30.4399824107 -91.1244270502 26
3435 10.3 9 11.6 30.4406219886 -91.0989149061 26
1446 16.2 14.6 18 30.4357913592 -91.1740082449 26
2776 7.1 6.5 7.9 30.4328767007 -91.1590489449 26
2682 15 13.8 16.4 30.4257452809 -91.1904945019 26
3504 12.8 11.9 13.9 30.4258203583 -91.1745595599 26
3822 8.6 7.5 9.8 30.4167619854 -91.1565343842 26
3916 9.3 8.1 10.4 30.4026538632 -91.1308382679 26
1621 14.6 13 16.2 30.4258843987 -91.144983792 26
3471 7.2 6.4 8.2 30.4128712457 -91.1898838389 26
4111 7.5 6.2 8.3 30.4122648285 -91.1708265512 26
4755 13.1 11.5 15.2 30.5289405596 -91.1959042173 26
4109 18 15.6 20.2 30.5334044379 -91.1784614006 26
3278 16.6 14.5 18.8 30.5342831115 -91.1599182379 26
120 9.6 8 11.3 30.5297112101 -91.1415566967 26
5161 14.6 13 16.3 30.5158758542 -91.163876673 26
5165 15.5 13.9 17 30.5141605669 -91.1363751289 26
1122 13.3 12.1 14.5 30.4841433307 -91.1112740183 26
6857 12.4 11.2 13.6 30.4796482296 -91.0799015972 26
142 9.7 8.2 11.3 30.4772361461 -91.0531832205 26
3483 12.1 11 13.3 30.4639470932 -91.0876029097 26
2967 16.7 15.4 18.1 30.4647752964 -91.0649409557 26
6435 14.4 13.2 15.6 30.4668975587 -91.0469530429 26
5966 10.8 9.6 12 30.4445084666 -91.0787184596 26
3415 11.2 10 12.5 30.4480098086 -91.0634825247 26
6230 10.2 9.1 11.3 30.4506009344 -91.046501122 26
5873 9 8.3 9.9 30.4188352069 -91.1216903247 26
3516 10.6 9.3 12.3 30.4236803805 -91.0879071445 26
5066 11.2 10.1 12.3 30.4371001741 -91.0429662234 26
3146 10 8.9 11.1 30.4031091718 -91.0446869666 26
5930 10.1 9.1 11 30.4218584966 -91.0443903083 26
2677 8.9 8 10 30.4266884771 -91.0286917808 26
3371 11.6 10.5 12.8 30.4282234021 -91.0663456039 26
1186 13.6 12.1 15 30.4150594991 -91.0601139906 26
4324 10.7 9.5 11.9 30.3802062758 -91.1101149737 26
784 12.6 11 14.3 30.3765569088 -91.1372514169 26
3676 8.3 7 9.9 30.3975890373 -91.1924449762 26
9295 9.8 8.6 10.7 30.3839529583 -91.1915017743 26
2234 15.4 13.7 17.2 30.5520430127 -91.1608276597 26
3038 12.2 11.3 13.1 30.4678640159 -91.0204474711 26
2179 11.5 10 13.3 30.4336385775 -91.0147119769 26
3356 10.4 9 11.9 30.4012580306 -91.1640439289 26
4673 8.3 7.4 9.6 30.3914069549 -91.1414836853 26
3203 9.5 8.3 11 30.3815612629 -91.124512812 26
2944 17 15.8 18.3 30.4604822002 -91.1831493673 26
1946 16.4 14.7 18.1 30.439175473 -91.1871706811 26
3076 18.2 16.6 19.9 30.448995176 -91.1734832795 26
1624 47.8 46.1 49.3 30.5044286639 -91.1609191422 27
6750 45.5 43.6 47 30.4983580696 -91.1377231863 27
1795 47.1 45.5 48.7 30.4941288729 -91.1622694874 27
3082 46.7 45.1 48.1 30.4926899201 -91.1485707012 27
4152 47.1 45.5 48.6 30.4791562031 -91.1627032456 27
3645 45.8 44.1 47.5 30.4830308547 -91.1486504051 27
4275 45.1 43.8 46.3 30.4720369968 -91.1481525059 27
2433 45.8 44.1 47.2 30.4835066545 -91.1291744167 27
3594 44.1 42.2 45.8 30.4750302022 -91.1259312328 27
4239 44.8 42.9 46.6 30.4618764248 -91.1613366254 27
3527 45.9 44.3 47.4 30.459554079 -91.1472842753 27
3388 39.9 38.1 41.5 30.4614349651 -91.1089635983 27
3281 44.8 42.9 46.6 30.4605974784 -91.1338196562 27
4430 47.8 46.1 49.4 30.4601768763 -91.1216822878 27
3515 35.4 34 36.8 30.4457793754 -91.1606773841 27
5132 33.5 32.2 34.8 30.4423213017 -91.1456955324 27
2555 35.2 33.7 36.5 30.4481367185 -91.1253953588 27
2523 28.6 27.2 30.3 30.4399824107 -91.1244270502 27
3435 29.4 27.8 31 30.4406219886 -91.0989149061 27
1446 42.9 41.2 44.3 30.4357913592 -91.1740082449 27
2776 27.9 26.7 29.2 30.4328767007 -91.1590489449 27
2682 41.4 40.2 42.7 30.4257452809 -91.1904945019 27
3504 38.4 36.9 39.7 30.4258203583 -91.1745595599 27
3822 29.3 27.7 31 30.4167619854 -91.1565343842 27
3916 31 29.6 32.5 30.4026538632 -91.1308382679 27
1621 39.1 37.4 40.7 30.4258843987 -91.144983792 27
3471 36.9 34.6 38.9 30.4128712457 -91.1898838389 27
4111 32.5 29.3 34.9 30.4122648285 -91.1708265512 27
4755 43.3 40.1 45.8 30.5289405596 -91.1959042173 27
4109 43.7 41.6 45.7 30.5334044379 -91.1784614006 27
3278 46.7 44.2 48.8 30.5342831115 -91.1599182379 27
120 44 41.1 46.6 30.5297112101 -91.1415566967 27
5161 43.2 41.2 45 30.5158758542 -91.163876673 27
5165 43.8 42.4 45.2 30.5141605669 -91.1363751289 27
1122 42.1 40.6 43.4 30.4841433307 -91.1112740183 27
6857 40.6 38.8 42 30.4796482296 -91.0799015972 27
142 42.4 39.6 44.9 30.4772361461 -91.0531832205 27
3483 38 36.8 39.3 30.4639470932 -91.0876029097 27
2967 40.4 39.2 41.5 30.4647752964 -91.0649409557 27
6435 44.2 42.9 45.4 30.4668975587 -91.0469530429 27
5966 32.1 30.8 33.5 30.4445084666 -91.0787184596 27
3415 33 31.8 34.3 30.4480098086 -91.0634825247 27
6230 32.5 31.3 33.7 30.4506009344 -91.046501122 27
5873 32 31 33 30.4188352069 -91.1216903247 27
3516 30.7 29.2 32.3 30.4236803805 -91.0879071445 27
5066 39.9 38.2 41.5 30.4371001741 -91.0429662234 27
3146 32.4 31 33.8 30.4031091718 -91.0446869666 27
5930 33.8 32.4 35.1 30.4218584966 -91.0443903083 27
2677 32 30.6 33.5 30.4266884771 -91.0286917808 27
3371 36.7 35 38.2 30.4282234021 -91.0663456039 27
1186 40.6 38.9 42.2 30.4150594991 -91.0601139906 27
4324 36.5 34.9 37.9 30.3802062758 -91.1101149737 27
784 35.2 33 37.2 30.3765569088 -91.1372514169 27
3676 34.5 31.7 37.3 30.3975890373 -91.1924449762 27
9295 33.7 31 35.9 30.3839529583 -91.1915017743 27
2234 44 42 45.7 30.5520430127 -91.1608276597 27
3038 38.6 37.7 39.5 30.4678640159 -91.0204474711 27
2179 33.8 32.1 35.4 30.4336385775 -91.0147119769 27
3356 29.9 27.8 32 30.4012580306 -91.1640439289 27
4673 27.9 26.5 29.4 30.3914069549 -91.1414836853 27
3203 27.8 26.3 29.5 30.3815612629 -91.124512812 27
2944 40.9 39.8 42.1 30.4604822002 -91.1831493673 27
1946 41.7 40.1 43.3 30.439175473 -91.1871706811 27
3076 44 42.6 45.4 30.448995176 -91.1734832795 27
1624 36.6 27.3 45.8 30.5044286639 -91.1609191422 28
6750 28.9 22.9 35.4 30.4983580696 -91.1377231863 28
1795 33.3 26.7 40.4 30.4941288729 -91.1622694874 28
3082 32.4 25.9 39.9 30.4926899201 -91.1485707012 28
4152 35 26.8 44.1 30.4791562031 -91.1627032456 28
3645 26.8 19.2 34.9 30.4830308547 -91.1486504051 28
4275 27.4 21.2 33.8 30.4720369968 -91.1481525059 28
2433 29.2 22.7 36.3 30.4835066545 -91.1291744167 28
3594 23.3 16.7 30.2 30.4750302022 -91.1259312328 28
4239 29.3 20.3 39 30.4618764248 -91.1613366254 28
3527 33.2 23.8 43.6 30.459554079 -91.1472842753 28
3388 23.5 16.2 31.9 30.4614349651 -91.1089635983 28
3281 27.6 19.8 35.9 30.4605974784 -91.1338196562 28
4430 38.5 29.6 47.9 30.4601768763 -91.1216822878 28
3515 12.2 8.5 16.5 30.4457793754 -91.1606773841 28
5132 11 7.8 15 30.4423213017 -91.1456955324 28
2555 17.2 9.2 29.5 30.4481367185 -91.1253953588 28
2523 5.7 3.3 9.8 30.4399824107 -91.1244270502 28
3435 8.6 5.1 12.8 30.4406219886 -91.0989149061 28
1446 27.3 18.5 37 30.4357913592 -91.1740082449 28
2776 5.1 3.6 7.2 30.4328767007 -91.1590489449 28
2682 26.4 18.8 35.1 30.4257452809 -91.1904945019 28
3504 24.8 19.3 30.6 30.4258203583 -91.1745595599 28
3822 7.8 5 11.7 30.4167619854 -91.1565343842 28
3916 8.8 4.8 14.8 30.4026538632 -91.1308382679 28
1621 20.1 13.1 27.4 30.4258843987 -91.144983792 28
3471 15.4 10.9 20.4 30.4128712457 -91.1898838389 28
4111 18.5 14.5 23 30.4122648285 -91.1708265512 28
4755 28.1 21.3 36.5 30.5289405596 -91.1959042173 28
4109 28.4 18.9 38.3 30.5334044379 -91.1784614006 28
3278 37.5 28 47.9 30.5342831115 -91.1599182379 28
120 17.2 4.1 39.1 30.5297112101 -91.1415566967 28
5161 22.4 15.1 30.4 30.5158758542 -91.163876673 28
5165 23.3 17.5 29.5 30.5141605669 -91.1363751289 28
1122 19.5 14.8 25.2 30.4841433307 -91.1112740183 28
6857 14.8 11 19.1 30.4796482296 -91.0799015972 28
142 12.3 6.3 19.5 30.4772361461 -91.0531832205 28
3483 14.3 9.8 20.3 30.4639470932 -91.0876029097 28
2967 26.4 19.2 34.2 30.4647752964 -91.0649409557 28
6435 22.4 18.6 27 30.4668975587 -91.0469530429 28
5966 10.2 6.1 15.4 30.4445084666 -91.0787184596 28
3415 11.3 7.3 16.3 30.4480098086 -91.0634825247 28
6230 9.3 5.9 13.8 30.4506009344 -91.046501122 28
5873 9 6.5 12.4 30.4188352069 -91.1216903247 28
3516 10.2 5.7 16.7 30.4236803805 -91.0879071445 28
5066 15.8 11.1 21.4 30.4371001741 -91.0429662234 28
3146 9.1 5.7 13.2 30.4031091718 -91.0446869666 28
5930 10 6.4 14.1 30.4218584966 -91.0443903083 28
2677 8.1 5.1 11.7 30.4266884771 -91.0286917808 28
3371 15.2 9.7 21.9 30.4282234021 -91.0663456039 28
1186 21.7 14.7 29.6 30.4150594991 -91.0601139906 28
4324 12 7.8 16.9 30.3802062758 -91.1101149737 28
784 18.7 12.1 26.8 30.3765569088 -91.1372514169 28
3676 17.8 12.6 23.7 30.3975890373 -91.1924449762 28
9295 17.8 13.7 22.1 30.3839529583 -91.1915017743 28
2234 23.2 16 31 30.5520430127 -91.1608276597 28
3038 15.6 11 21.2 30.4678640159 -91.0204474711 28
2179 12 6.6 18.7 30.4336385775 -91.0147119769 28
3356 13.7 7.3 22.9 30.4012580306 -91.1640439289 28
4673 6.2 3.6 10.3 30.3914069549 -91.1414836853 28
3203 6.6 3.9 10.3 30.3815612629 -91.124512812 28
2944 26.4 20.7 32.5 30.4604822002 -91.1831493673 28
1946 26.6 17.6 35.4 30.439175473 -91.1871706811 28
3076 30.6 22.9 38.7 30.448995176 -91.1734832795 28
