Louisiana
LA
Kenner
6387 21.7 19 24.4 30.0264774449 -90.2425907379 1
1879 21.6 18.8 24.8 30.0106898446 -90.2553390538 1
4230 15.8 13.7 17.9 30.013027667 -90.2337154039 1
4243 14.9 13 17 30.0170553735 -90.2556989876 1
7443 14.9 13 16.9 30.0331974859 -90.2706984598 1
4101 14.1 12.2 16.1 30.0358701467 -90.2547514022 1
2725 10.7 9.3 12.3 30.0267257639 -90.2548702257 1
5044 15.3 13.2 17.4 30.0295538536 -90.235204736 1
3776 8.2 6.4 10.2 30.0290916636 -90.227848529 1
3035 15.2 13.3 17.3 30.0170260261 -90.2745084565 1
4617 26.4 23.7 29 30.0133403794 -90.2685316219 1
3865 8.9 7.5 10.5 30.0442616194 -90.2623889441 1
4956 29.8 26.6 33.2 30.0031852039 -90.2623150395 1
1191 25.4 22.4 28.2 29.9815768924 -90.2660038154 1
2425 17.2 15.2 19.2 29.9851186894 -90.2424779339 1
2198 16.2 14.2 18.4 29.9938925904 -90.2394454249 1
2481 23 20.6 25.4 30.001941103 -90.23743486 1
2106 20.1 16.4 24 29.9754112594 -90.2567738145 1
6387 24.9 23.9 25.9 30.0264774449 -90.2425907379 2
1879 29.8 28.4 31 30.0106898446 -90.2553390538 2
4230 24.2 23.1 25.3 30.013027667 -90.2337154039 2
4243 25.4 24.2 26.6 30.0170553735 -90.2556989876 2
7443 23 22 24 30.0331974859 -90.2706984598 2
4101 25.9 24.7 27.1 30.0358701467 -90.2547514022 2
2725 27.2 25.7 28.6 30.0267257639 -90.2548702257 2
5044 22.9 21.9 23.9 30.0295538536 -90.235204736 2
3776 25.7 24 27.5 30.0290916636 -90.227848529 2
3035 23.3 22.2 24.3 30.0170260261 -90.2745084565 2
4617 24.7 24 25.3 30.0133403794 -90.2685316219 2
3865 23.1 21.7 24.6 30.0442616194 -90.2623889441 2
4956 23.8 22.9 24.6 30.0031852039 -90.2623150395 2
1191 31.6 30.6 32.7 29.9815768924 -90.2660038154 2
2425 28.3 27.3 29.3 29.9851186894 -90.2424779339 2
2198 26.2 25.1 27.3 29.9938925904 -90.2394454249 2
2481 34.3 33 35.5 30.001941103 -90.23743486 2
2106 30.9 29.3 32.4 29.9754112594 -90.2567738145 2
6387 17.6 17 18.1 30.0264774449 -90.2425907379 3
1879 13.3 12.7 13.9 30.0106898446 -90.2553390538 3
4230 18.8 18.2 19.3 30.013027667 -90.2337154039 3
4243 18.6 18 19.2 30.0170553735 -90.2556989876 3
7443 19.6 19 20.2 30.0331974859 -90.2706984598 3
4101 17.2 16.7 17.7 30.0358701467 -90.2547514022 3
2725 16.9 16.4 17.4 30.0267257639 -90.2548702257 3
5044 18.6 18 19.2 30.0295538536 -90.235204736 3
3776 19.4 18.7 20.1 30.0290916636 -90.227848529 3
3035 19.8 19.2 20.4 30.0170260261 -90.2745084565 3
4617 16.9 16.4 17.4 30.0133403794 -90.2685316219 3
3865 20.2 19.5 20.9 30.0442616194 -90.2623889441 3
4956 14.9 14.3 15.6 30.0031852039 -90.2623150395 3
1191 13.7 13.2 14.2 29.9815768924 -90.2660038154 3
2425 17.4 16.9 18 29.9851186894 -90.2424779339 3
2198 19.5 18.8 20.2 29.9938925904 -90.2394454249 3
2481 13.8 13.4 14.2 30.001941103 -90.23743486 3
2106 13.1 12.5 13.7 29.9754112594 -90.2567738145 3
6387 3.4 3.1 3.8 30.0264774449 -90.2425907379 6
1879 5.6 5 6.2 30.0106898446 -90.2553390538 6
4230 2.8 2.5 3.1 30.013027667 -90.2337154039 6
4243 2.9 2.6 3.3 30.0170553735 -90.2556989876 6
7443 2.6 2.4 2.9 30.0331974859 -90.2706984598 6
4101 3.1 2.7 3.5 30.0358701467 -90.2547514022 6
2725 3 2.6 3.5 30.0267257639 -90.2548702257 6
5044 2.8 2.5 3.1 30.0295538536 -90.235204736 6
3776 2.4 2.1 2.8 30.0290916636 -90.227848529 6
3035 2.6 2.3 2.8 30.0170260261 -90.2745084565 6
4617 3.7 3.5 3.9 30.0133403794 -90.2685316219 6
3865 2.2 1.9 2.5 30.0442616194 -90.2623889441 6
4956 4.5 4.1 4.9 30.0031852039 -90.2623150395 6
1191 6.1 5.6 6.7 29.9815768924 -90.2660038154 6
2425 3.9 3.5 4.2 29.9851186894 -90.2424779339 6
2198 3.2 2.8 3.6 29.9938925904 -90.2394454249 6
2481 5.7 4.9 6.5 30.001941103 -90.23743486 6
2106 5.8 5.1 6.5 29.9754112594 -90.2567738145 6
6387 5.5 5.3 5.7 30.0264774449 -90.2425907379 7
1879 5.3 5.1 5.6 30.0106898446 -90.2553390538 7
4230 5.8 5.6 6 30.013027667 -90.2337154039 7
4243 6.2 6 6.5 30.0170553735 -90.2556989876 7
7443 5.4 5.2 5.6 30.0331974859 -90.2706984598 7
4101 6.5 6.2 6.8 30.0358701467 -90.2547514022 7
2725 8.1 7.7 8.5 30.0267257639 -90.2548702257 7
5044 5.4 5.2 5.6 30.0295538536 -90.235204736 7
3776 7.1 6.7 7.5 30.0290916636 -90.227848529 7
3035 5.5 5.3 5.7 30.0170260261 -90.2745084565 7
4617 4.9 4.8 5 30.0133403794 -90.2685316219 7
3865 6.3 6 6.6 30.0442616194 -90.2623889441 7
4956 3.6 3.4 3.7 30.0031852039 -90.2623150395 7
1191 5.3 5.1 5.5 29.9815768924 -90.2660038154 7
2425 6.5 6.3 6.8 29.9851186894 -90.2424779339 7
2198 6.4 6.2 6.7 29.9938925904 -90.2394454249 7
2481 8.2 7.8 8.7 30.001941103 -90.23743486 7
2106 5.6 5.3 5.8 29.9754112594 -90.2567738145 7
6387 8.5 8.1 9.1 30.0264774449 -90.2425907379 8
1879 10.7 9.9 11.6 30.0106898446 -90.2553390538 8
4230 7.9 7.5 8.4 30.013027667 -90.2337154039 8
4243 8.3 7.9 8.9 30.0170553735 -90.2556989876 8
7443 8.1 7.7 8.6 30.0331974859 -90.2706984598 8
4101 8.2 7.8 8.7 30.0358701467 -90.2547514022 8
2725 7.2 6.9 7.7 30.0267257639 -90.2548702257 8
5044 8.2 7.8 8.7 30.0295538536 -90.235204736 8
3776 7.6 7.1 8.3 30.0290916636 -90.227848529 8
3035 8.2 7.7 8.7 30.0170260261 -90.2745084565 8
4617 9.3 8.8 9.7 30.0133403794 -90.2685316219 8
3865 7.4 7 8 30.0442616194 -90.2623889441 8
4956 11.1 10.3 12.1 30.0031852039 -90.2623150395 8
1191 11.3 10.6 12 29.9815768924 -90.2660038154 8
2425 9 8.5 9.5 29.9851186894 -90.2424779339 8
2198 8.5 7.9 9.1 29.9938925904 -90.2394454249 8
2481 9.2 8.6 9.7 30.001941103 -90.23743486 8
2106 11.2 10.3 12.2 29.9754112594 -90.2567738145 8
6387 7.3 6.7 7.9 30.0264774449 -90.2425907379 9
1879 8.4 7.6 9.1 30.0106898446 -90.2553390538 9
4230 6.5 6 7.1 30.013027667 -90.2337154039 9
4243 6.7 6.2 7.3 30.0170553735 -90.2556989876 9
7443 5.9 5.4 6.3 30.0331974859 -90.2706984598 9
4101 7 6.3 7.8 30.0358701467 -90.2547514022 9
2725 7.4 6.6 8.2 30.0267257639 -90.2548702257 9
5044 6.1 5.6 6.7 30.0295538536 -90.235204736 9
3776 6.3 5.6 7.2 30.0290916636 -90.227848529 9
3035 5.8 5.3 6.3 30.0170260261 -90.2745084565 9
4617 7.3 6.9 7.7 30.0133403794 -90.2685316219 9
3865 5.5 4.9 6.2 30.0442616194 -90.2623889441 9
4956 6.5 6.1 7 30.0031852039 -90.2623150395 9
1191 9.9 9.2 10.5 29.9815768924 -90.2660038154 9
2425 8 7.4 8.7 29.9851186894 -90.2424779339 9
2198 7.3 6.7 8 29.9938925904 -90.2394454249 9
2481 11.7 10.6 12.9 30.001941103 -90.23743486 9
2106 8.7 7.9 9.6 29.9754112594 -90.2567738145 9
6387 70.1 69.2 70.9 30.0264774449 -90.2425907379 10
1879 78.1 77.3 78.9 30.0106898446 -90.2553390538 10
4230 71.2 70.5 72 30.013027667 -90.2337154039 10
4243 72.1 71.3 72.9 30.0170553735 -90.2556989876 10
7443 71.2 70.4 72 30.0331974859 -90.2706984598 10
4101 73 72.3 73.8 30.0358701467 -90.2547514022 10
2725 75.7 75 76.3 30.0267257639 -90.2548702257 10
5044 71.6 70.9 72.3 30.0295538536 -90.235204736 10
3776 73.5 72.5 74.4 30.0290916636 -90.227848529 10
3035 71.5 70.7 72.3 30.0170260261 -90.2745084565 10
4617 70.3 69.6 71 30.0133403794 -90.2685316219 10
3865 73.6 72.7 74.4 30.0442616194 -90.2623889441 10
4956 71.6 70.7 72.6 30.0031852039 -90.2623150395 10
1191 73 72.1 73.8 29.9815768924 -90.2660038154 10
2425 73.4 72.6 74.2 29.9851186894 -90.2424779339 10
2198 71 70.2 71.9 29.9938925904 -90.2394454249 10
2481 74 73.3 74.7 30.001941103 -90.23743486 10
2106 78.7 77.8 79.6 29.9754112594 -90.2567738145 10
6387 57.4 54.1 60.5 30.0264774449 -90.2425907379 12
1879 57.6 53.7 61.4 30.0106898446 -90.2553390538 12
4230 63.8 60.4 67.1 30.013027667 -90.2337154039 12
4243 63.7 60.4 66.9 30.0170553735 -90.2556989876 12
7443 63.3 60.1 66.3 30.0331974859 -90.2706984598 12
4101 63.6 59.9 67 30.0358701467 -90.2547514022 12
2725 70.2 67.2 72.9 30.0267257639 -90.2548702257 12
5044 62.5 59.3 65.5 30.0295538536 -90.235204736 12
3776 69.1 64.6 72.8 30.0290916636 -90.227848529 12
3035 63.5 60.3 66.8 30.0170260261 -90.2745084565 12
4617 55.1 52.9 57.4 30.0133403794 -90.2685316219 12
3865 68.7 65.2 71.8 30.0442616194 -90.2623889441 12
4956 48.3 45 51.8 30.0031852039 -90.2623150395 12
1191 48.7 45.2 52.1 29.9815768924 -90.2660038154 12
2425 61.7 58.6 64.8 29.9851186894 -90.2424779339 12
2198 62.9 59.4 66.2 29.9938925904 -90.2394454249 12
2481 57.2 54.1 60.3 30.001941103 -90.23743486 12
2106 57 52.6 61.8 29.9754112594 -90.2567738145 12
6387 7.5 6.7 8.5 30.0264774449 -90.2425907379 13
1879 8.8 7.7 10 30.0106898446 -90.2553390538 13
4230 6.4 5.6 7.3 30.013027667 -90.2337154039 13
4243 6.8 5.9 7.7 30.0170553735 -90.2556989876 13
7443 6 5.3 6.8 30.0331974859 -90.2706984598 13
4101 6.8 5.7 7.8 30.0358701467 -90.2547514022 13
2725 5.8 4.9 6.9 30.0267257639 -90.2548702257 13
5044 6.2 5.4 7 30.0295538536 -90.235204736 13
3776 5.8 4.7 7.2 30.0290916636 -90.227848529 13
3035 6 5.2 6.8 30.0170260261 -90.2745084565 13
4617 7.9 7.4 8.5 30.0133403794 -90.2685316219 13
3865 5.1 4.2 6 30.0442616194 -90.2623889441 13
4956 8.7 7.9 9.6 30.0031852039 -90.2623150395 13
1191 11.9 10.8 13 29.9815768924 -90.2660038154 13
2425 8.2 7.3 9 29.9851186894 -90.2424779339 13
2198 7.5 6.5 8.5 29.9938925904 -90.2394454249 13
2481 11.1 9.7 12.6 30.001941103 -90.23743486 13
2106 9.4 8.1 10.8 29.9754112594 -90.2567738145 13
6387 27.1 22.6 31.9 30.0264774449 -90.2425907379 14
1879 21.1 17.1 25.7 30.0106898446 -90.2553390538 14
4230 30.9 25.6 36.4 30.013027667 -90.2337154039 14
4243 30.7 26.1 35.4 30.0170553735 -90.2556989876 14
7443 30.9 26 35.9 30.0331974859 -90.2706984598 14
4101 32.1 25.8 38 30.0358701467 -90.2547514022 14
2725 36.2 30.3 41.8 30.0267257639 -90.2548702257 14
5044 31.1 25.3 37 30.0295538536 -90.235204736 14
3776 36.4 29.4 43.5 30.0290916636 -90.227848529 14
3035 31.7 27 36.7 30.0170260261 -90.2745084565 14
4617 24.7 21.9 28 30.0133403794 -90.2685316219 14
3865 36.4 30.2 42.8 30.0442616194 -90.2623889441 14
4956 19.8 16.6 23.5 30.0031852039 -90.2623150395 14
1191 20.4 16.7 24.6 29.9815768924 -90.2660038154 14
2425 28.8 24 33.7 29.9851186894 -90.2424779339 14
2198 30.9 25.4 37.4 29.9938925904 -90.2394454249 14
2481 26.1 20.8 32 30.001941103 -90.23743486 14
2106 21.6 17.2 26.5 29.9754112594 -90.2567738145 14
6387 26.4 22.1 30.9 30.0264774449 -90.2425907379 15
1879 23.6 19.8 27.9 30.0106898446 -90.2553390538 15
4230 30.8 26.5 35.2 30.013027667 -90.2337154039 15
4243 31.2 26.8 35.5 30.0170553735 -90.2556989876 15
7443 31.6 27.5 35.6 30.0331974859 -90.2706984598 15
4101 30.8 25.6 36.1 30.0358701467 -90.2547514022 15
2725 34.1 29 39.1 30.0267257639 -90.2548702257 15
5044 30.9 26.5 36.1 30.0295538536 -90.235204736 15
3776 37.5 32 42.9 30.0290916636 -90.227848529 15
3035 30.9 26.8 35 30.0170260261 -90.2745084565 15
4617 25.2 22.6 28.1 30.0133403794 -90.2685316219 15
3865 37.7 32.9 42.5 30.0442616194 -90.2623889441 15
4956 19.7 16.7 23.2 30.0031852039 -90.2623150395 15
1191 20 17 23.6 29.9815768924 -90.2660038154 15
2425 29 25 33.2 29.9851186894 -90.2424779339 15
2198 31.5 26.8 36.6 29.9938925904 -90.2394454249 15
2481 24.2 20 28.9 30.001941103 -90.23743486 15
2106 23.7 19.2 28.6 29.9754112594 -90.2567738145 15
2106 25 21.7 28.3 29.9754112594 -90.2567738145 16
6387 21.1 18.9 23.4 30.0264774449 -90.2425907379 16
1879 24.1 21.3 26.8 30.0106898446 -90.2553390538 16
4230 17.8 15.6 20 30.013027667 -90.2337154039 16
4243 18.4 16.2 20.7 30.0170553735 -90.2556989876 16
7443 18.4 16.2 20.8 30.0331974859 -90.2706984598 16
4101 17.2 14.9 19.4 30.0358701467 -90.2547514022 16
2725 12.7 10.7 14.7 30.0267257639 -90.2548702257 16
5044 18.4 16.1 20.8 30.0295538536 -90.235204736 16
3776 14.2 11.1 17.6 30.0290916636 -90.227848529 16
3035 18.3 16 20.6 30.0170260261 -90.2745084565 16
4617 23.1 21.3 24.7 30.0133403794 -90.2685316219 16
3865 14 11.5 16.5 30.0442616194 -90.2623889441 16
4956 29.4 26.9 32 30.0031852039 -90.2623150395 16
1191 30.4 27.9 32.9 29.9815768924 -90.2660038154 16
2425 21.4 19.1 23.4 29.9851186894 -90.2424779339 16
2198 20.6 18.1 22.9 29.9938925904 -90.2394454249 16
2481 21.9 20.2 23.6 30.001941103 -90.23743486 16
6387 53 49.6 56.2 30.0264774449 -90.2425907379 17
1879 44.5 40.7 48.4 30.0106898446 -90.2553390538 17
4230 62.5 59.5 65.6 30.013027667 -90.2337154039 17
4243 62.5 59.3 65.6 30.0170553735 -90.2556989876 17
7443 62.9 59.6 65.8 30.0331974859 -90.2706984598 17
4101 62.8 59.4 66 30.0358701467 -90.2547514022 17
2725 70.9 67.7 73.8 30.0267257639 -90.2548702257 17
5044 60.3 57.2 63.2 30.0295538536 -90.235204736 17
3776 73.5 69.1 77.4 30.0290916636 -90.227848529 17
3035 63.7 60.6 66.9 30.0170260261 -90.2745084565 17
4617 47.7 45.1 50.4 30.0133403794 -90.2685316219 17
3865 73.4 70.2 76.5 30.0442616194 -90.2623889441 17
4956 36.1 32.9 39.7 30.0031852039 -90.2623150395 17
1191 37.7 34.8 40.9 29.9815768924 -90.2660038154 17
2425 56.6 53.7 59.4 29.9851186894 -90.2424779339 17
2198 60.1 56.8 63.5 29.9938925904 -90.2394454249 17
2481 48.8 45.5 52.3 30.001941103 -90.23743486 17
2106 45.2 40.6 49.8 29.9754112594 -90.2567738145 17
6387 12.3 11.6 13 30.0264774449 -90.2425907379 18
1879 19.1 17.9 20.2 30.0106898446 -90.2553390538 18
4230 10.9 10.2 11.5 30.013027667 -90.2337154039 18
4243 10.9 10.3 11.7 30.0170553735 -90.2556989876 18
7443 10.3 9.7 10.9 30.0331974859 -90.2706984598 18
4101 11.1 10.3 11.9 30.0358701467 -90.2547514022 18
2725 10.7 9.8 11.6 30.0267257639 -90.2548702257 18
5044 10.5 9.8 11.1 30.0295538536 -90.235204736 18
3776 9.3 8.4 10.3 30.0290916636 -90.227848529 18
3035 10.3 9.7 10.9 30.0170260261 -90.2745084565 18
4617 13.8 13.3 14.3 30.0133403794 -90.2685316219 18
3865 8.9 8.2 9.7 30.0442616194 -90.2623889441 18
4956 15.1 14.3 15.8 30.0031852039 -90.2623150395 18
1191 18.9 18 19.8 29.9815768924 -90.2660038154 18
2425 13.3 12.5 13.9 29.9851186894 -90.2424779339 18
2198 10.9 10.2 11.6 29.9938925904 -90.2394454249 18
2481 16.3 15.2 17.3 30.001941103 -90.23743486 18
2106 19.1 17.7 20.5 29.9754112594 -90.2567738145 18
6387 3.2 3 3.4 30.0264774449 -90.2425907379 20
1879 4.2 3.9 4.5 30.0106898446 -90.2553390538 20
4230 2.7 2.6 2.9 30.013027667 -90.2337154039 20
4243 2.8 2.7 3 30.0170553735 -90.2556989876 20
7443 2.6 2.4 2.7 30.0331974859 -90.2706984598 20
4101 2.9 2.7 3.1 30.0358701467 -90.2547514022 20
2725 2.9 2.7 3.1 30.0267257639 -90.2548702257 20
5044 2.7 2.5 2.8 30.0295538536 -90.235204736 20
3776 2.4 2.2 2.6 30.0290916636 -90.227848529 20
3035 2.5 2.4 2.6 30.0170260261 -90.2745084565 20
4617 3.3 3.2 3.4 30.0133403794 -90.2685316219 20
3865 2.2 2.1 2.4 30.0442616194 -90.2623889441 20
4956 3.6 3.4 3.8 30.0031852039 -90.2623150395 20
1191 4.5 4.2 4.7 29.9815768924 -90.2660038154 20
2425 3.3 3.1 3.4 29.9851186894 -90.2424779339 20
2198 2.9 2.7 3.1 29.9938925904 -90.2394454249 20
2481 4.5 4.2 4.9 30.001941103 -90.23743486 20
2106 4.2 3.9 4.5 29.9754112594 -90.2567738145 20
6387 30.1 28 32.4 30.0264774449 -90.2425907379 21
1879 35.9 32.9 38.8 30.0106898446 -90.2553390538 21
4230 24.8 22.6 26.9 30.013027667 -90.2337154039 21
4243 24.9 22.9 27.2 30.0170553735 -90.2556989876 21
7443 23.9 21.9 26 30.0331974859 -90.2706984598 21
4101 24.6 22.1 27 30.0358701467 -90.2547514022 21
2725 21 18.6 23.5 30.0267257639 -90.2548702257 21
5044 24.5 22.3 26.7 30.0295538536 -90.235204736 21
3776 18.7 15.9 21.8 30.0290916636 -90.227848529 21
3035 24.1 21.9 26.2 30.0170260261 -90.2745084565 21
4617 33.4 31.6 35.2 30.0133403794 -90.2685316219 21
3865 18.2 16 20.5 30.0442616194 -90.2623889441 21
4956 39.2 36.6 41.7 30.0031852039 -90.2623150395 21
1191 40.6 38 43 29.9815768924 -90.2660038154 21
2425 28.8 26.7 30.8 29.9851186894 -90.2424779339 21
2198 26.2 23.7 28.4 29.9938925904 -90.2394454249 21
2481 36 33.2 38.7 30.001941103 -90.23743486 21
2106 35.6 32.1 39 29.9754112594 -90.2567738145 21
6387 80.3 77.6 82.6 30.0264774449 -90.2425907379 22
1879 83.8 80.9 86.2 30.0106898446 -90.2553390538 22
4230 80.7 77.8 83.1 30.013027667 -90.2337154039 22
4243 80.1 77.2 82.8 30.0170553735 -90.2556989876 22
7443 80.9 78.1 83.2 30.0331974859 -90.2706984598 22
4101 80.6 77.7 83.1 30.0358701467 -90.2547514022 22
2725 81.2 78.4 83.6 30.0267257639 -90.2548702257 22
5044 80.7 78 83.2 30.0295538536 -90.235204736 22
3776 81.2 77.7 84.2 30.0290916636 -90.227848529 22
3035 81 78.1 83.6 30.0170260261 -90.2745084565 22
4617 79.8 78.1 81.4 30.0133403794 -90.2685316219 22
3865 81.5 78 84.1 30.0442616194 -90.2623889441 22
4956 83 80.7 85 30.0031852039 -90.2623150395 22
1191 80.7 78.4 83.1 29.9815768924 -90.2660038154 22
2425 80.3 77.9 82.6 29.9851186894 -90.2424779339 22
2198 78.3 75 81.2 29.9938925904 -90.2394454249 22
2481 77.4 74.4 80.1 30.001941103 -90.23743486 22
2106 83.1 80 85.9 29.9754112594 -90.2567738145 22
6387 14.2 13.1 15.3 30.0264774449 -90.2425907379 23
1879 15.4 14.1 16.9 30.0106898446 -90.2553390538 23
4230 12 11 13.1 30.013027667 -90.2337154039 23
4243 12.5 11.4 13.6 30.0170553735 -90.2556989876 23
7443 12.3 11.2 13.4 30.0331974859 -90.2706984598 23
4101 12 10.9 13.1 30.0358701467 -90.2547514022 23
2725 9.3 8.4 10.2 30.0267257639 -90.2548702257 23
5044 12.4 11.4 13.5 30.0295538536 -90.235204736 23
3776 10.1 8.7 11.6 30.0290916636 -90.227848529 23
3035 12.1 11 13.2 30.0170260261 -90.2745084565 23
4617 15.3 14.4 16.2 30.0133403794 -90.2685316219 23
3865 9.8 8.7 11 30.0442616194 -90.2623889441 23
4956 19 17.5 20.6 30.0031852039 -90.2623150395 23
1191 19.2 17.8 20.5 29.9815768924 -90.2660038154 23
2425 13.5 12.5 14.5 29.9851186894 -90.2424779339 23
2198 13.2 12 14.3 29.9938925904 -90.2394454249 23
2481 14.6 13.7 15.6 30.001941103 -90.23743486 23
2106 15.9 14.1 17.5 29.9754112594 -90.2567738145 23
3776 26.5 24.9 28.3 30.0290916636 -90.227848529 24
3035 31 29.8 32.1 30.0170260261 -90.2745084565 24
4617 37.8 36.9 38.5 30.0133403794 -90.2685316219 24
3865 27.1 25.6 28.5 30.0442616194 -90.2623889441 24
4956 45.1 43.9 46.1 30.0031852039 -90.2623150395 24
6387 34.6 33.5 35.6 30.0264774449 -90.2425907379 24
1879 45 43.6 46.4 30.0106898446 -90.2553390538 24
4230 30.8 29.6 31.9 30.013027667 -90.2337154039 24
4243 31 29.9 32.2 30.0170553735 -90.2556989876 24
7443 31.6 30.5 32.8 30.0331974859 -90.2706984598 24
4101 30.6 29.4 31.7 30.0358701467 -90.2547514022 24
2725 26.4 25.1 27.7 30.0267257639 -90.2548702257 24
5044 32.3 30.9 33.4 30.0295538536 -90.235204736 24
1191 44.9 43.8 45.8 29.9815768924 -90.2660038154 24
2425 34.8 33.8 35.8 29.9851186894 -90.2424779339 24
2198 31.4 30.2 32.6 29.9938925904 -90.2394454249 24
2481 35.4 34.5 36.3 30.001941103 -90.23743486 24
2106 44.4 42.8 46 29.9754112594 -90.2567738145 24
6387 82.8 81 84.6 30.0264774449 -90.2425907379 25
1879 85.5 83.2 87.7 30.0106898446 -90.2553390538 25
4230 82.5 80.4 84.5 30.013027667 -90.2337154039 25
4243 82.7 80.3 84.7 30.0170553735 -90.2556989876 25
7443 83.5 81.7 85.5 30.0331974859 -90.2706984598 25
4101 83.4 81.3 85.2 30.0358701467 -90.2547514022 25
2725 83.5 81.2 85.3 30.0267257639 -90.2548702257 25
5044 83.6 81.6 85.4 30.0295538536 -90.235204736 25
3776 83.6 80.5 86.5 30.0290916636 -90.227848529 25
3035 82.7 80.6 84.7 30.0170260261 -90.2745084565 25
4617 82.7 81.3 84 30.0133403794 -90.2685316219 25
3865 84 81.5 86.3 30.0442616194 -90.2623889441 25
4956 83.5 81.5 85.4 30.0031852039 -90.2623150395 25
1191 82.6 80.8 84.2 29.9815768924 -90.2660038154 25
2425 82.9 81 84.8 29.9851186894 -90.2424779339 25
2198 82 79.5 84.3 29.9938925904 -90.2394454249 25
2481 82.2 80.5 83.9 30.001941103 -90.23743486 25
2106 84.7 82.1 87.1 29.9754112594 -90.2567738145 25
6387 14.2 13.1 15.4 30.0264774449 -90.2425907379 26
1879 16.6 15 18.3 30.0106898446 -90.2553390538 26
4230 11.9 10.8 13 30.013027667 -90.2337154039 26
4243 12.2 11.1 13.5 30.0170553735 -90.2556989876 26
7443 11.5 10.4 12.6 30.0331974859 -90.2706984598 26
4101 12.1 10.8 13.4 30.0358701467 -90.2547514022 26
2725 10.2 9 11.5 30.0267257639 -90.2548702257 26
5044 11.6 10.6 12.8 30.0295538536 -90.235204736 26
3776 10.1 8.6 11.9 30.0290916636 -90.227848529 26
3035 11.5 10.4 12.6 30.0170260261 -90.2745084565 26
4617 15.4 14.5 16.3 30.0133403794 -90.2685316219 26
3865 9.3 8.1 10.7 30.0442616194 -90.2623889441 26
4956 17.6 16.2 19 30.0031852039 -90.2623150395 26
1191 20.9 19.4 22.4 29.9815768924 -90.2660038154 26
2425 14.1 12.9 15.2 29.9851186894 -90.2424779339 26
2198 13 11.7 14.2 29.9938925904 -90.2394454249 26
2481 17.9 16.3 19.6 30.001941103 -90.23743486 26
2106 17.2 15.2 19.1 29.9754112594 -90.2567738145 26
6387 38.9 37.7 39.9 30.0264774449 -90.2425907379 27
1879 46.5 45 47.8 30.0106898446 -90.2553390538 27
4230 36.5 35.2 37.6 30.013027667 -90.2337154039 27
4243 36.8 35.5 38 30.0170553735 -90.2556989876 27
7443 37.5 36.3 38.6 30.0331974859 -90.2706984598 27
4101 36.7 35.4 37.9 30.0358701467 -90.2547514022 27
2725 33.2 31.8 34.5 30.0267257639 -90.2548702257 27
5044 38.1 36.8 39.3 30.0295538536 -90.235204736 27
3776 32.5 30.7 34.5 30.0290916636 -90.227848529 27
3035 37.2 36 38.5 30.0170260261 -90.2745084565 27
4617 41.1 40.2 41.9 30.0133403794 -90.2685316219 27
3865 34.3 32.7 35.9 30.0442616194 -90.2623889441 27
4956 47.3 46 48.4 30.0031852039 -90.2623150395 27
1191 45.8 44.7 46.9 29.9815768924 -90.2660038154 27
2425 39.1 38 40.1 29.9851186894 -90.2424779339 27
2198 37.1 35.8 38.2 29.9938925904 -90.2394454249 27
2481 38.3 37.2 39.3 30.001941103 -90.23743486 27
2106 46.6 44.8 48.2 29.9754112594 -90.2567738145 27
6387 17.7 12.4 23.6 30.0264774449 -90.2425907379 28
1879 25 18.4 31.5 30.0106898446 -90.2553390538 28
4230 12.3 8.7 16.6 30.013027667 -90.2337154039 28
4243 12.7 8.9 17.1 30.0170553735 -90.2556989876 28
7443 12 8.8 16.2 30.0331974859 -90.2706984598 28
4101 12.9 8.1 19.2 30.0358701467 -90.2547514022 28
2725 9 5.4 14.6 30.0267257639 -90.2548702257 28
5044 13.2 8.8 18.6 30.0295538536 -90.235204736 28
3776 8 4.6 13 30.0290916636 -90.227848529 28
3035 11.9 8.7 16 30.0170260261 -90.2745084565 28
4617 21 17.5 24.6 30.0133403794 -90.2685316219 28
3865 7.5 4.9 11.3 30.0442616194 -90.2623889441 28
4956 30.5 25.1 36.9 30.0031852039 -90.2623150395 28
1191 33.2 26.4 39.9 29.9815768924 -90.2660038154 28
2425 17.1 12.9 21.8 29.9851186894 -90.2424779339 28
2198 15.2 10.6 20.2 29.9938925904 -90.2394454249 28
2481 23.5 16.6 31.7 30.001941103 -90.23743486 28
2106 26 18.4 33.7 29.9754112594 -90.2567738145 28
