Louisiana
LA
Lafayette
3351 22.4 18.9 26.3 30.2248618566 -92.0194019578 1
2257 22.1 18.7 25.5 30.2199540086 -92.0033645168 1
2503 10.7 8.1 14 30.2153844022 -92.0340798419 1
4269 12.4 10.3 15 30.2264323957 -92.0448448991 1
2443 12.8 10.6 15.3 30.2206542542 -92.0661066676 1
7068 14.5 12 17.5 30.2093684916 -92.0626252871 1
2660 29.2 25.3 33.4 30.2398654251 -92.0497465883 1
3015 24.7 20.8 28.6 30.2360142728 -92.0258425957 1
1911 28.1 23.3 32.6 30.2476177151 -92.0293581272 1
1470 18.5 15.6 21.3 30.2694444251 -92.0352633542 1
2880 16.8 14.1 19.9 30.2794482668 -92.0143342646 1
4016 13.5 11.5 15.7 30.2794741098 -91.9920096054 1
6201 26.1 22.3 30 30.2472601496 -92.0146813203 1
6207 18.2 15 21.5 30.2510465326 -91.9946830095 1
4510 22.3 19 25.5 30.2251260713 -91.9917510653 1
5745 9.1 7.4 11.1 30.1600909682 -92.0735464258 1
526 9.4 7.1 12.1 30.1322533074 -92.0395334273 1
4419 11.9 9.5 14.5 30.148751067 -92.0530017571 1
1578 9.7 7.6 11.8 30.146105427 -92.0245845719 1
6247 12.8 10.3 15.6 30.1620059713 -92.0099679432 1
5341 10.9 8.7 13.6 30.1662824817 -92.0267862287 1
5257 6.3 5.1 7.6 30.1758179152 -92.0362633079 1
1026 10.8 8.6 13.2 30.1527301524 -91.9851212329 1
686 10.6 8.5 13.3 30.1833232633 -91.9958805141 1
5287 8.2 6.3 10.5 30.1985462427 -92.028270898 1
2978 6.2 5 7.8 30.1889847423 -92.0452547816 1
6335 8.9 7.2 10.7 30.1792773459 -92.0586547495 1
3526 15.4 13.1 17.9 30.1904075894 -92.0691041924 1
4277 13.7 11.1 17.1 30.2038449294 -92.0547190311 1
1315 16.8 14.3 19.4 30.217352534 -92.079039771 1
687 13.5 11.2 16.2 30.1887714799 -92.0981355976 1
4064 12.1 9.7 14.6 30.1965012966 -92.0818885855 1
239 14.3 11.5 17.4 30.1750365398 -92.0865055008 1
6329 12.5 10.6 14.8 30.20913162 -92.0206656257 1
3351 22.6 21.5 23.6 30.2248618566 -92.0194019578 2
2257 31.8 30.4 33 30.2199540086 -92.0033645168 2
2503 23.2 21.8 24.6 30.2153844022 -92.0340798419 2
4269 24.4 23.2 25.5 30.2264323957 -92.0448448991 2
2443 23.3 22.1 24.5 30.2206542542 -92.0661066676 2
7068 19 18.2 19.9 30.2093684916 -92.0626252871 2
2660 32.9 31.4 34.2 30.2398654251 -92.0497465883 2
3015 32.7 31.2 34.3 30.2360142728 -92.0258425957 2
1911 34.2 32.5 35.6 30.2476177151 -92.0293581272 2
1470 26.6 25.5 27.8 30.2694444251 -92.0352633542 2
2880 26 24.9 27.2 30.2794482668 -92.0143342646 2
4016 27.6 26.2 28.8 30.2794741098 -91.9920096054 2
6201 31.6 30.4 32.9 30.2472601496 -92.0146813203 2
6207 28.2 26.9 29.5 30.2510465326 -91.9946830095 2
4510 36.1 34.7 37.5 30.2251260713 -91.9917510653 2
5745 19.8 18.6 21.2 30.1600909682 -92.0735464258 2
526 17.8 16.4 19.3 30.1322533074 -92.0395334273 2
4419 25.9 24.3 27.4 30.148751067 -92.0530017571 2
1578 21.6 20.1 23 30.146105427 -92.0245845719 2
6247 21.5 20.2 22.9 30.1620059713 -92.0099679432 2
5341 20.7 19.6 21.8 30.1662824817 -92.0267862287 2
5257 23.2 21.9 24.7 30.1758179152 -92.0362633079 2
1026 28.2 26.6 30 30.1527301524 -91.9851212329 2
686 22.7 21.3 24.1 30.1833232633 -91.9958805141 2
5287 25.4 23.9 27 30.1985462427 -92.028270898 2
2978 28.1 26.5 29.7 30.1889847423 -92.0452547816 2
6335 25.6 24.1 27.2 30.1792773459 -92.0586547495 2
3526 23.2 22.1 24.3 30.1904075894 -92.0691041924 2
4277 21.2 20.3 22.2 30.2038449294 -92.0547190311 2
1315 22 20.9 23 30.217352534 -92.079039771 2
687 27.1 25.7 28.5 30.1887714799 -92.0981355976 2
4064 25.2 23.7 26.8 30.1965012966 -92.0818885855 2
239 19.9 18.8 21.1 30.1750365398 -92.0865055008 2
6329 11.6 11.1 12.1 30.20913162 -92.0206656257 2
3351 18.5 17.6 19.4 30.2248618566 -92.0194019578 3
2257 12.7 12.2 13.3 30.2199540086 -92.0033645168 3
2503 20.9 19.9 21.9 30.2153844022 -92.0340798419 3
4269 18.8 17.9 19.6 30.2264323957 -92.0448448991 3
2443 20.1 19.3 20.9 30.2206542542 -92.0661066676 3
7068 21.3 20.2 22.4 30.2093684916 -92.0626252871 3
2660 11 10.4 11.7 30.2398654251 -92.0497465883 3
3015 11.7 11.1 12.3 30.2360142728 -92.0258425957 3
1911 10.7 10 11.5 30.2476177151 -92.0293581272 3
1470 16.4 15.6 17.1 30.2694444251 -92.0352633542 3
2880 16 15.4 16.7 30.2794482668 -92.0143342646 3
4016 16.6 16 17.2 30.2794741098 -91.9920096054 3
6201 12 11.4 12.6 30.2472601496 -92.0146813203 3
6207 14.4 13.8 15 30.2510465326 -91.9946830095 3
4510 11.4 10.9 12 30.2251260713 -91.9917510653 3
5745 22.5 21.6 23.5 30.1600909682 -92.0735464258 3
526 23.4 22.3 24.4 30.1322533074 -92.0395334273 3
4419 19.1 18.4 19.9 30.148751067 -92.0530017571 3
1578 21.8 20.9 22.7 30.146105427 -92.0245845719 3
6247 20.9 20 21.8 30.1620059713 -92.0099679432 3
5341 20.6 19.8 21.5 30.1662824817 -92.0267862287 3
5257 20.8 20 21.6 30.1758179152 -92.0362633079 3
1026 18.6 17.8 19.4 30.1527301524 -91.9851212329 3
686 21.6 20.7 22.5 30.1833232633 -91.9958805141 3
5287 19.1 18.3 19.9 30.1985462427 -92.028270898 3
2978 17.8 17.1 18.5 30.1889847423 -92.0452547816 3
6335 19.7 19 20.4 30.1792773459 -92.0586547495 3
3526 19.2 18.4 20 30.1904075894 -92.0691041924 3
4277 20.6 19.6 21.7 30.2038449294 -92.0547190311 3
1315 19.7 19 20.4 30.217352534 -92.079039771 3
687 18.5 17.7 19.3 30.1887714799 -92.0981355976 3
4064 18.7 17.9 19.5 30.1965012966 -92.0818885855 3
239 22.1 21 23.2 30.1750365398 -92.0865055008 3
6329 23 22 24 30.20913162 -92.0206656257 3
1578 2 1.8 2.3 30.146105427 -92.0245845719 6
3351 4.2 3.8 4.6 30.2248618566 -92.0194019578 6
2257 6.4 5.7 7.1 30.2199540086 -92.0033645168 6
2503 2.8 2.3 3.3 30.2153844022 -92.0340798419 6
4269 3.2 2.8 3.7 30.2264323957 -92.0448448991 6
2443 2.7 2.4 3 30.2206542542 -92.0661066676 6
7068 2.4 2.2 2.7 30.2093684916 -92.0626252871 6
2660 7.7 6.9 8.5 30.2398654251 -92.0497465883 6
3015 7.2 6.3 8.1 30.2360142728 -92.0258425957 6
1911 8.2 7.3 9.1 30.2476177151 -92.0293581272 6
1470 4.2 3.8 4.6 30.2694444251 -92.0352633542 6
2880 3.8 3.4 4.2 30.2794482668 -92.0143342646 6
4016 3.6 3.2 4 30.2794741098 -91.9920096054 6
6201 6.7 6.1 7.3 30.2472601496 -92.0146813203 6
6207 4.5 4 5 30.2510465326 -91.9946830095 6
4510 7.5 6.8 8.3 30.2251260713 -91.9917510653 6
5745 1.9 1.6 2.1 30.1600909682 -92.0735464258 6
526 1.6 1.4 1.9 30.1322533074 -92.0395334273 6
4419 3 2.6 3.5 30.148751067 -92.0530017571 6
6247 2.5 2.2 2.8 30.1620059713 -92.0099679432 6
5341 2.3 2 2.6 30.1662824817 -92.0267862287 6
5257 2.1 1.8 2.4 30.1758179152 -92.0362633079 6
1026 3.2 2.8 3.7 30.1527301524 -91.9851212329 6
686 2.4 2.1 2.8 30.1833232633 -91.9958805141 6
5287 2.7 2.3 3.2 30.1985462427 -92.028270898 6
2978 2.8 2.4 3.2 30.1889847423 -92.0452547816 6
6335 2.6 2.2 3 30.1792773459 -92.0586547495 6
3526 3 2.7 3.4 30.1904075894 -92.0691041924 6
4277 2.7 2.4 3.1 30.2038449294 -92.0547190311 6
1315 2.7 2.4 3 30.217352534 -92.079039771 6
687 3.2 2.8 3.7 30.1887714799 -92.0981355976 6
4064 2.9 2.6 3.4 30.1965012966 -92.0818885855 6
239 2.4 2.1 2.7 30.1750365398 -92.0865055008 6
6329 1.4 1.3 1.6 30.20913162 -92.0206656257 6
3351 3.8 3.7 4 30.2248618566 -92.0194019578 7
2257 6 5.7 6.2 30.2199540086 -92.0033645168 7
2503 6.4 6.1 6.8 30.2153844022 -92.0340798419 7
4269 6.4 6.1 6.7 30.2264323957 -92.0448448991 7
2443 5.9 5.7 6.2 30.2206542542 -92.0661066676 7
7068 4.4 4.3 4.6 30.2093684916 -92.0626252871 7
2660 5 4.8 5.3 30.2398654251 -92.0497465883 7
3015 5.5 5.2 5.8 30.2360142728 -92.0258425957 7
1911 5.7 5.4 6 30.2476177151 -92.0293581272 7
1470 5.2 5 5.4 30.2694444251 -92.0352633542 7
2880 5.7 5.5 5.9 30.2794482668 -92.0143342646 7
4016 6.6 6.4 6.9 30.2794741098 -91.9920096054 7
6201 5.2 5 5.4 30.2472601496 -92.0146813203 7
6207 5.8 5.6 6 30.2510465326 -91.9946830095 7
4510 7 6.7 7.2 30.2251260713 -91.9917510653 7
5745 5.3 5.1 5.6 30.1600909682 -92.0735464258 7
526 4.6 4.3 4.8 30.1322533074 -92.0395334273 7
4419 6.9 6.5 7.2 30.148751067 -92.0530017571 7
1578 5.8 5.6 6.1 30.146105427 -92.0245845719 7
6247 5.2 5 5.4 30.1620059713 -92.0099679432 7
5341 5.4 5.2 5.7 30.1662824817 -92.0267862287 7
5257 7.6 7.2 7.9 30.1758179152 -92.0362633079 7
1026 7.7 7.3 8.1 30.1527301524 -91.9851212329 7
686 6 5.7 6.3 30.1833232633 -91.9958805141 7
5287 7.7 7.4 8.1 30.1985462427 -92.028270898 7
2978 9.1 8.6 9.6 30.1889847423 -92.0452547816 7
6335 7.5 7.2 7.8 30.1792773459 -92.0586547495 7
3526 5.5 5.3 5.8 30.1904075894 -92.0691041924 7
4277 5.3 5.1 5.6 30.2038449294 -92.0547190311 7
1315 5 4.8 5.2 30.217352534 -92.079039771 7
687 6.4 6 6.7 30.1887714799 -92.0981355976 7
4064 6.6 6.3 6.9 30.1965012966 -92.0818885855 7
239 4.7 4.5 4.9 30.1750365398 -92.0865055008 7
6329 2.7 2.6 2.8 30.20913162 -92.0206656257 7
3351 9.8 9.1 10.6 30.2248618566 -92.0194019578 8
2257 11.4 10.6 12.3 30.2199540086 -92.0033645168 8
2503 8.2 7.6 9 30.2153844022 -92.0340798419 8
4269 8.8 8.3 9.5 30.2264323957 -92.0448448991 8
2443 8.6 8 9.2 30.2206542542 -92.0661066676 8
7068 9 8.4 9.9 30.2093684916 -92.0626252871 8
2660 13.4 12.2 14.6 30.2398654251 -92.0497465883 8
3015 12.3 11.3 13.4 30.2360142728 -92.0258425957 8
1911 13.5 12.2 14.8 30.2476177151 -92.0293581272 8
1470 10.5 9.7 11.3 30.2694444251 -92.0352633542 8
2880 10.1 9.4 10.8 30.2794482668 -92.0143342646 8
4016 9.3 8.7 9.9 30.2794741098 -91.9920096054 8
6201 12.3 11.3 13.4 30.2472601496 -92.0146813203 8
6207 10.9 10 11.8 30.2510465326 -91.9946830095 8
4510 11.5 10.7 12.4 30.2251260713 -91.9917510653 8
5745 7.8 7.3 8.4 30.1600909682 -92.0735464258 8
526 8 7.4 8.8 30.1322533074 -92.0395334273 8
4419 8.4 7.8 9.2 30.148751067 -92.0530017571 8
1578 8 7.4 8.7 30.146105427 -92.0245845719 8
6247 8.7 8 9.4 30.1620059713 -92.0099679432 8
5341 8.4 7.9 9 30.1662824817 -92.0267862287 8
5257 7 6.7 7.4 30.1758179152 -92.0362633079 8
1026 8.3 7.7 9 30.1527301524 -91.9851212329 8
686 8.1 7.6 8.8 30.1833232633 -91.9958805141 8
5287 7.7 7.2 8.3 30.1985462427 -92.028270898 8
2978 7.3 6.9 7.7 30.1889847423 -92.0452547816 8
6335 7.8 7.3 8.3 30.1792773459 -92.0586547495 8
3526 9 8.4 9.6 30.1904075894 -92.0691041924 8
4277 8.8 8.3 9.6 30.2038449294 -92.0547190311 8
1315 8.7 8.2 9.4 30.217352534 -92.079039771 8
687 8.7 8.1 9.5 30.1887714799 -92.0981355976 8
4064 8.5 7.9 9.2 30.1965012966 -92.0818885855 8
239 8.4 7.8 9.2 30.1750365398 -92.0865055008 8
6329 9 8.4 9.7 30.20913162 -92.0206656257 8
3351 6.8 6.3 7.4 30.2248618566 -92.0194019578 9
2257 9.2 8.4 9.9 30.2199540086 -92.0033645168 9
2503 6.2 5.4 7 30.2153844022 -92.0340798419 9
4269 6.8 6.1 7.6 30.2264323957 -92.0448448991 9
2443 5.9 5.3 6.5 30.2206542542 -92.0661066676 9
7068 4.9 4.5 5.4 30.2093684916 -92.0626252871 9
2660 9.6 8.8 10.4 30.2398654251 -92.0497465883 9
3015 9.5 8.6 10.5 30.2360142728 -92.0258425957 9
1911 10.6 9.7 11.6 30.2476177151 -92.0293581272 9
1470 7.2 6.6 7.8 30.2694444251 -92.0352633542 9
2880 7 6.4 7.7 30.2794482668 -92.0143342646 9
4016 7.2 6.6 7.9 30.2794741098 -91.9920096054 9
6201 9.3 8.7 10 30.2472601496 -92.0146813203 9
6207 7.3 6.8 7.9 30.2510465326 -91.9946830095 9
4510 11.5 10.6 12.4 30.2251260713 -91.9917510653 9
5745 4.4 3.9 4.9 30.1600909682 -92.0735464258 9
526 3.4 3 3.8 30.1322533074 -92.0395334273 9
4419 6.7 5.9 7.6 30.148751067 -92.0530017571 9
1578 4.8 4.2 5.4 30.146105427 -92.0245845719 9
6247 5.2 4.6 5.8 30.1620059713 -92.0099679432 9
5341 4.9 4.4 5.5 30.1662824817 -92.0267862287 9
5257 5.4 4.8 6 30.1758179152 -92.0362633079 9
1026 7.5 6.6 8.3 30.1527301524 -91.9851212329 9
686 5.7 5 6.4 30.1833232633 -91.9958805141 9
5287 6.6 5.8 7.5 30.1985462427 -92.028270898 9
2978 7.1 6.4 7.9 30.1889847423 -92.0452547816 9
6335 6.4 5.6 7.1 30.1792773459 -92.0586547495 9
3526 6.1 5.6 6.8 30.1904075894 -92.0691041924 9
4277 5.8 5.3 6.5 30.2038449294 -92.0547190311 9
1315 5.6 5.1 6.1 30.217352534 -92.079039771 9
687 7.2 6.4 8 30.1887714799 -92.0981355976 9
4064 6.4 5.7 7.2 30.1965012966 -92.0818885855 9
239 5 4.5 5.6 30.1750365398 -92.0865055008 9
6329 2.9 2.7 3.1 30.20913162 -92.0206656257 9
3351 66 64.8 67.2 30.2248618566 -92.0194019578 10
2257 76.4 75.5 77.4 30.2199540086 -92.0033645168 10
2503 67.7 66.4 68.9 30.2153844022 -92.0340798419 10
4269 69.6 68.5 70.7 30.2264323957 -92.0448448991 10
2443 69.4 68.3 70.4 30.2206542542 -92.0661066676 10
7068 66.1 64.8 67.4 30.2093684916 -92.0626252871 10
2660 74.9 73.7 76 30.2398654251 -92.0497465883 10
3015 76.4 75.3 77.4 30.2360142728 -92.0258425957 10
1911 77.1 75.8 78.2 30.2476177151 -92.0293581272 10
1470 70.3 69.1 71.4 30.2694444251 -92.0352633542 10
2880 72.4 71.4 73.3 30.2794482668 -92.0143342646 10
4016 73.8 72.9 74.6 30.2794741098 -91.9920096054 10
6201 74 72.9 75.1 30.2472601496 -92.0146813203 10
6207 76 75 76.9 30.2510465326 -91.9946830095 10
4510 76.4 75.5 77.3 30.2251260713 -91.9917510653 10
5745 68.2 67.1 69.3 30.1600909682 -92.0735464258 10
526 66.5 65.1 67.8 30.1322533074 -92.0395334273 10
4419 69.8 68.7 70.9 30.148751067 -92.0530017571 10
1578 69 67.7 70.2 30.146105427 -92.0245845719 10
6247 67.3 66.1 68.4 30.1620059713 -92.0099679432 10
5341 68.5 67.4 69.6 30.1662824817 -92.0267862287 10
5257 72 71 72.9 30.1758179152 -92.0362633079 10
1026 71.3 70.1 72.3 30.1527301524 -91.9851212329 10
686 68.2 67 69.3 30.1833232633 -91.9958805141 10
5287 71.8 70.7 72.8 30.1985462427 -92.028270898 10
2978 73.8 72.9 74.7 30.1889847423 -92.0452547816 10
6335 71.2 70.2 72.1 30.1792773459 -92.0586547495 10
3526 68.4 67.2 69.4 30.1904075894 -92.0691041924 10
4277 67.4 66 68.7 30.2038449294 -92.0547190311 10
1315 67 66 68 30.217352534 -92.079039771 10
687 68.3 67.1 69.5 30.1887714799 -92.0981355976 10
4064 69.9 68.8 70.9 30.1965012966 -92.0818885855 10
239 64.5 63.1 65.8 30.1750365398 -92.0865055008 10
6329 65.2 64 66.4 30.20913162 -92.0206656257 10
3351 50.9 46.9 55 30.2248618566 -92.0194019578 12
2257 55.4 51 59.5 30.2199540086 -92.0033645168 12
2503 65.8 61.5 69.5 30.2153844022 -92.0340798419 12
4269 63.7 59.2 67.4 30.2264323957 -92.0448448991 12
2443 66.4 62.2 70.2 30.2206542542 -92.0661066676 12
7068 62.1 58.2 65.5 30.2093684916 -92.0626252871 12
2660 49.8 45.3 54.1 30.2398654251 -92.0497465883 12
3015 53.1 48.6 57.4 30.2360142728 -92.0258425957 12
1911 51.2 46.5 56.3 30.2476177151 -92.0293581272 12
1470 56.4 52.6 60.7 30.2694444251 -92.0352633542 12
2880 61 56.9 64.5 30.2794482668 -92.0143342646 12
4016 64.9 61.3 68.1 30.2794741098 -91.9920096054 12
6201 49.9 46.3 53.9 30.2472601496 -92.0146813203 12
6207 61.2 57.2 64.9 30.2510465326 -91.9946830095 12
4510 55.3 51.7 59.2 30.2251260713 -91.9917510653 12
5745 68 63.5 72.1 30.1600909682 -92.0735464258 12
526 66.5 61.5 70.7 30.1322533074 -92.0395334273 12
4419 65.4 60.5 69.9 30.148751067 -92.0530017571 12
1578 68.4 64.2 72.3 30.146105427 -92.0245845719 12
6247 63.4 58.8 67.8 30.1620059713 -92.0099679432 12
5341 67.6 63.6 70.8 30.1662824817 -92.0267862287 12
5257 74.4 71.4 77.2 30.1758179152 -92.0362633079 12
1026 68.2 63.9 72 30.1527301524 -91.9851212329 12
686 65.7 61.4 69.6 30.1833232633 -91.9958805141 12
5287 69.8 65.6 73.4 30.1985462427 -92.028270898 12
2978 72 68.5 75.1 30.1889847423 -92.0452547816 12
6335 70.2 66.7 73.7 30.1792773459 -92.0586547495 12
3526 62.3 58.4 66.2 30.1904075894 -92.0691041924 12
4277 64.5 60.5 68.1 30.2038449294 -92.0547190311 12
1315 61 56.5 65.1 30.217352534 -92.079039771 12
687 61.1 56.4 65.4 30.1887714799 -92.0981355976 12
4064 65 60.2 69 30.1965012966 -92.0818885855 12
239 63.9 59.1 68.6 30.1750365398 -92.0865055008 12
6329 63.2 60.3 65.8 30.20913162 -92.0206656257 12
3351 8.8 7.8 9.9 30.2248618566 -92.0194019578 13
2257 10 8.8 11.2 30.2199540086 -92.0033645168 13
2503 6.1 5 7.4 30.2153844022 -92.0340798419 13
4269 6.9 5.9 7.9 30.2264323957 -92.0448448991 13
2443 6.3 5.4 7.3 30.2206542542 -92.0661066676 13
7068 5.9 5.2 6.7 30.2093684916 -92.0626252871 13
2660 12.9 11.5 14.4 30.2398654251 -92.0497465883 13
3015 11.3 9.9 12.8 30.2360142728 -92.0258425957 13
1911 12.7 11 14.2 30.2476177151 -92.0293581272 13
1470 8.9 7.9 10 30.2694444251 -92.0352633542 13
2880 7.9 6.9 9 30.2794482668 -92.0143342646 13
4016 7.4 6.4 8.5 30.2794741098 -91.9920096054 13
6201 11.9 10.7 13.1 30.2472601496 -92.0146813203 13
6207 8.2 7.2 9.3 30.2510465326 -91.9946830095 13
4510 12.3 10.9 13.7 30.2251260713 -91.9917510653 13
5745 4.7 3.9 5.6 30.1600909682 -92.0735464258 13
526 4.3 3.6 5.2 30.1322533074 -92.0395334273 13
4419 6.9 5.7 8.2 30.148751067 -92.0530017571 13
1578 5.2 4.2 6.3 30.146105427 -92.0245845719 13
6247 6.1 5.1 7.2 30.1620059713 -92.0099679432 13
5341 5.3 4.4 6.2 30.1662824817 -92.0267862287 13
5257 4.4 3.7 5.2 30.1758179152 -92.0362633079 13
1026 7.4 6.1 8.7 30.1527301524 -91.9851212329 13
686 5.9 5 7 30.1833232633 -91.9958805141 13
5287 5.6 4.5 6.9 30.1985462427 -92.028270898 13
2978 5.5 4.5 6.5 30.1889847423 -92.0452547816 13
6335 5.9 4.9 6.9 30.1792773459 -92.0586547495 13
3526 7 6.1 8 30.1904075894 -92.0691041924 13
4277 6.4 5.5 7.3 30.2038449294 -92.0547190311 13
1315 6.5 5.7 7.5 30.217352534 -92.079039771 13
687 8.1 6.9 9.4 30.1887714799 -92.0981355976 13
4064 6.6 5.5 7.9 30.1965012966 -92.0818885855 13
239 6.1 5.2 7 30.1750365398 -92.0865055008 13
6329 3.8 3.4 4.3 30.20913162 -92.0206656257 13
3351 21.1 16.7 26.1 30.2248618566 -92.0194019578 14
2257 20 16.1 24.7 30.2199540086 -92.0033645168 14
2503 32 24.6 39.4 30.2153844022 -92.0340798419 14
4269 31 24.1 37.8 30.2264323957 -92.0448448991 14
2443 31.5 25.9 38.1 30.2206542542 -92.0661066676 14
7068 29.9 23.6 36.1 30.2093684916 -92.0626252871 14
2660 15.7 12.2 19.8 30.2398654251 -92.0497465883 14
3015 17.3 13.3 22.2 30.2360142728 -92.0258425957 14
1911 15.9 11.8 21.5 30.2476177151 -92.0293581272 14
1470 23.7 19 28.9 30.2694444251 -92.0352633542 14
2880 27.5 21.8 33.6 30.2794482668 -92.0143342646 14
4016 30.5 24.5 36.8 30.2794741098 -91.9920096054 14
6201 18.9 15.1 22.6 30.2472601496 -92.0146813203 14
6207 24.9 20.4 29.9 30.2510465326 -91.9946830095 14
4510 19.9 15.9 24.2 30.2251260713 -91.9917510653 14
5745 35.3 28.2 42.2 30.1600909682 -92.0735464258 14
526 34.9 26.8 43 30.1322533074 -92.0395334273 14
4419 31.8 24.8 39.3 30.148751067 -92.0530017571 14
1578 35.1 27.7 42.6 30.146105427 -92.0245845719 14
6247 30.9 24.4 37.4 30.1620059713 -92.0099679432 14
5341 32.5 25.8 39.1 30.1662824817 -92.0267862287 14
5257 39.4 33.1 45.6 30.1758179152 -92.0362633079 14
1026 33.5 25.9 41.4 30.1527301524 -91.9851212329 14
686 33.6 26.6 40.9 30.1833232633 -91.9958805141 14
5287 35.5 28.6 42.8 30.1985462427 -92.028270898 14
2978 37.7 31.6 44.6 30.1889847423 -92.0452547816 14
6335 36 29.1 43.3 30.1792773459 -92.0586547495 14
3526 29.3 22.7 36.2 30.1904075894 -92.0691041924 14
4277 30.9 24.2 37.9 30.2038449294 -92.0547190311 14
1315 28.5 23.3 34.4 30.217352534 -92.079039771 14
687 31.2 24.2 38.5 30.1887714799 -92.0981355976 14
4064 31.6 25.1 38.2 30.1965012966 -92.0818885855 14
239 28.3 18.1 39.3 30.1750365398 -92.0865055008 14
6329 29.9 24.9 35.3 30.20913162 -92.0206656257 14
3351 20.8 17.6 24.3 30.2248618566 -92.0194019578 15
2257 20.2 16.4 24.7 30.2199540086 -92.0033645168 15
2503 29 23.7 34.7 30.2153844022 -92.0340798419 15
4269 28.3 23.2 33.6 30.2264323957 -92.0448448991 15
2443 31.9 26.7 37.6 30.2206542542 -92.0661066676 15
7068 28.9 24 34 30.2093684916 -92.0626252871 15
2660 16.9 13.6 21 30.2398654251 -92.0497465883 15
3015 18.3 14.6 22.6 30.2360142728 -92.0258425957 15
1911 17 13.4 21.6 30.2476177151 -92.0293581272 15
1470 24.5 20.3 29 30.2694444251 -92.0352633542 15
2880 26.9 22 32.3 30.2794482668 -92.0143342646 15
4016 31 25.6 36.7 30.2794741098 -91.9920096054 15
6201 18.9 15.7 22.1 30.2472601496 -92.0146813203 15
6207 26.2 22.2 30.6 30.2510465326 -91.9946830095 15
4510 19.9 16.8 23.7 30.2251260713 -91.9917510653 15
5745 36.1 30.4 41.5 30.1600909682 -92.0735464258 15
526 34.8 29.2 40 30.1322533074 -92.0395334273 15
4419 29.9 24.2 35.4 30.148751067 -92.0530017571 15
1578 36.7 30.1 43.4 30.146105427 -92.0245845719 15
6247 30.7 24.9 36.7 30.1620059713 -92.0099679432 15
5341 31.2 26.2 36.7 30.1662824817 -92.0267862287 15
5257 38.2 33 43.5 30.1758179152 -92.0362633079 15
1026 33.6 27.2 39.7 30.1527301524 -91.9851212329 15
686 33.3 27.4 40 30.1833232633 -91.9958805141 15
5287 34.3 28.1 40 30.1985462427 -92.028270898 15
2978 36.2 30.6 41.9 30.1889847423 -92.0452547816 15
6335 35.4 29.7 41.1 30.1792773459 -92.0586547495 15
3526 28.7 23.6 34.1 30.1904075894 -92.0691041924 15
4277 28.6 23.7 34 30.2038449294 -92.0547190311 15
1315 29.2 24.3 34.5 30.217352534 -92.079039771 15
687 29.6 23.9 35.5 30.1887714799 -92.0981355976 15
4064 29.8 24 35.1 30.1965012966 -92.0818885855 15
239 28.5 23.4 34.1 30.1750365398 -92.0865055008 15
6329 27 22.5 31.8 30.20913162 -92.0206656257 15
3351 32.5 28.6 36.7 30.2248618566 -92.0194019578 16
2257 28.5 25.5 31.5 30.2199540086 -92.0033645168 16
2503 18 14.4 22.3 30.2153844022 -92.0340798419 16
4269 19.4 16.6 22.4 30.2264323957 -92.0448448991 16
2443 20.5 17.5 23.5 30.2206542542 -92.0661066676 16
7068 22 18.7 25.5 30.2093684916 -92.0626252871 16
2660 36.2 32.7 39.5 30.2398654251 -92.0497465883 16
3015 31.3 27.6 34.8 30.2360142728 -92.0258425957 16
1911 33.3 29.2 37 30.2476177151 -92.0293581272 16
1470 28 24.8 31.2 30.2694444251 -92.0352633542 16
2880 24.6 21.5 27.8 30.2794482668 -92.0143342646 16
4016 21.4 18.6 24 30.2794741098 -91.9920096054 16
6201 33.9 30.4 37.2 30.2472601496 -92.0146813203 16
6207 25.1 21.9 28.4 30.2510465326 -91.9946830095 16
4510 29.1 26 32.1 30.2251260713 -91.9917510653 16
5745 17.3 14.1 20.8 30.1600909682 -92.0735464258 16
526 19.1 14.7 23.9 30.1322533074 -92.0395334273 16
4419 20.1 16.2 23.6 30.148751067 -92.0530017571 16
1578 18.1 14.7 21.8 30.146105427 -92.0245845719 16
6247 21.7 17.9 25.6 30.1620059713 -92.0099679432 16
5341 17.9 14.6 21.4 30.1662824817 -92.0267862287 16
5257 11.9 9.6 14.7 30.1758179152 -92.0362633079 16
1026 19.8 16.4 23.3 30.1527301524 -91.9851212329 16
686 19.7 16.2 23.6 30.1833232633 -91.9958805141 16
5287 14.1 11.2 17.6 30.1985462427 -92.028270898 16
2978 12 9.7 15 30.1889847423 -92.0452547816 16
6335 16.4 13.6 19.4 30.1792773459 -92.0586547495 16
3526 22.5 19.4 25.6 30.1904075894 -92.0691041924 16
4277 20.6 17.4 24 30.2038449294 -92.0547190311 16
1315 23.4 20.3 26.4 30.217352534 -92.079039771 16
687 24.5 20.9 27.9 30.1887714799 -92.0981355976 16
4064 19.1 16 22.7 30.1965012966 -92.0818885855 16
239 23.6 20 27.5 30.1750365398 -92.0865055008 16
6329 17.6 14.9 20.2 30.20913162 -92.0206656257 16
3351 39.7 35.4 43.9 30.2248618566 -92.0194019578 17
2257 41.3 37.6 45.5 30.2199540086 -92.0033645168 17
2503 65.2 59.8 70 30.2153844022 -92.0340798419 17
4269 61.2 56.8 65 30.2264323957 -92.0448448991 17
2443 63.1 59 66.8 30.2206542542 -92.0661066676 17
7068 57.7 52.9 62 30.2093684916 -92.0626252871 17
2660 29.3 25.8 33 30.2398654251 -92.0497465883 17
3015 36 31.9 40.4 30.2360142728 -92.0258425957 17
1911 32 27.3 36.8 30.2476177151 -92.0293581272 17
1470 47.6 43.6 51.8 30.2694444251 -92.0352633542 17
2880 52.2 48.2 56.2 30.2794482668 -92.0143342646 17
4016 59.3 55.5 62.9 30.2794741098 -91.9920096054 17
6201 33.7 30.2 37.7 30.2472601496 -92.0146813203 17
6207 50.3 45.9 54.7 30.2510465326 -91.9946830095 17
4510 39.8 36.2 43.7 30.2251260713 -91.9917510653 17
5745 71.1 67.2 74.6 30.1600909682 -92.0735464258 17
526 70.2 64.8 74.7 30.1322533074 -92.0395334273 17
4419 64.1 59.6 68.7 30.148751067 -92.0530017571 17
1578 70.7 66 74.7 30.146105427 -92.0245845719 17
6247 61.8 57.2 66.6 30.1620059713 -92.0099679432 17
5341 65.9 61.2 69.8 30.1662824817 -92.0267862287 17
5257 78.2 75.1 81 30.1758179152 -92.0362633079 17
1026 65.3 60.8 69.5 30.1527301524 -91.9851212329 17
686 66.4 61.7 70.5 30.1833232633 -91.9958805141 17
5287 72 67.6 75.8 30.1985462427 -92.028270898 17
2978 76.2 73.1 79.2 30.1889847423 -92.0452547816 17
6335 71 67.4 74.5 30.1792773459 -92.0586547495 17
3526 56.9 52.8 61 30.1904075894 -92.0691041924 17
4277 59.8 54.9 64.2 30.2038449294 -92.0547190311 17
1315 56.8 53 60.5 30.217352534 -92.079039771 17
687 58.5 54 62.8 30.1887714799 -92.0981355976 17
4064 64.1 59.9 68 30.1965012966 -92.0818885855 17
239 59.1 54.2 63.5 30.1750365398 -92.0865055008 17
6329 61.9 57.9 65.8 30.20913162 -92.0206656257 17
3351 12.5 11.7 13.4 30.2248618566 -92.0194019578 18
2257 19 17.8 20.1 30.2199540086 -92.0033645168 18
2503 8 7.2 8.9 30.2153844022 -92.0340798419 18
4269 9.2 8.5 10 30.2264323957 -92.0448448991 18
2443 9 8.3 9.7 30.2206542542 -92.0661066676 18
7068 7.5 7 8 30.2093684916 -92.0626252871 18
2660 21.4 20.2 22.5 30.2398654251 -92.0497465883 18
3015 21.1 19.7 22.4 30.2360142728 -92.0258425957 18
1911 22.6 21.1 24 30.2476177151 -92.0293581272 18
1470 12.9 12.1 13.7 30.2694444251 -92.0352633542 18
2880 12 11.2 12.8 30.2794482668 -92.0143342646 18
4016 11.9 11.1 12.7 30.2794741098 -91.9920096054 18
6201 19.1 18 20.2 30.2472601496 -92.0146813203 18
6207 14.7 13.7 15.7 30.2510465326 -91.9946830095 18
4510 21.2 20 22.5 30.2251260713 -91.9917510653 18
5745 6.8 6.2 7.5 30.1600909682 -92.0735464258 18
526 5.9 5.4 6.5 30.1322533074 -92.0395334273 18
4419 9.4 8.5 10.3 30.148751067 -92.0530017571 18
1578 7.4 6.7 8.1 30.146105427 -92.0245845719 18
6247 8.1 7.5 8.8 30.1620059713 -92.0099679432 18
5341 7.7 7 8.3 30.1662824817 -92.0267862287 18
5257 7.3 6.7 8 30.1758179152 -92.0362633079 18
1026 10.2 9.3 11.3 30.1527301524 -91.9851212329 18
686 8 7.2 8.8 30.1833232633 -91.9958805141 18
5287 8.5 7.7 9.5 30.1985462427 -92.028270898 18
2978 9 8.2 9.9 30.1889847423 -92.0452547816 18
6335 8.6 7.8 9.4 30.1792773459 -92.0586547495 18
3526 9.4 8.8 10.1 30.1904075894 -92.0691041924 18
4277 8.2 7.6 8.8 30.2038449294 -92.0547190311 18
1315 9 8.4 9.6 30.217352534 -92.079039771 18
687 10.4 9.5 11.3 30.1887714799 -92.0981355976 18
4064 9.4 8.6 10.3 30.1965012966 -92.0818885855 18
239 7.6 7 8.3 30.1750365398 -92.0865055008 18
6329 4.4 4.1 4.6 30.20913162 -92.0206656257 18
3351 3.3 3.1 3.5 30.2248618566 -92.0194019578 20
2257 4.5 4.2 4.8 30.2199540086 -92.0033645168 20
2503 2.6 2.4 2.9 30.2153844022 -92.0340798419 20
4269 2.9 2.7 3.1 30.2264323957 -92.0448448991 20
2443 2.5 2.3 2.7 30.2206542542 -92.0661066676 20
7068 2.3 2.2 2.4 30.2093684916 -92.0626252871 20
2660 5.2 4.9 5.6 30.2398654251 -92.0497465883 20
3015 5 4.6 5.4 30.2360142728 -92.0258425957 20
1911 5.4 5 5.8 30.2476177151 -92.0293581272 20
1470 3.3 3.1 3.5 30.2694444251 -92.0352633542 20
2880 3.2 3 3.4 30.2794482668 -92.0143342646 20
4016 3.1 2.9 3.3 30.2794741098 -91.9920096054 20
6201 4.7 4.4 5 30.2472601496 -92.0146813203 20
6207 3.5 3.3 3.7 30.2510465326 -91.9946830095 20
4510 5.2 4.9 5.6 30.2251260713 -91.9917510653 20
5745 1.9 1.8 2.1 30.1600909682 -92.0735464258 20
526 1.8 1.6 1.9 30.1322533074 -92.0395334273 20
4419 2.7 2.5 3 30.148751067 -92.0530017571 20
1578 2.1 1.9 2.2 30.146105427 -92.0245845719 20
6247 2.3 2.2 2.5 30.1620059713 -92.0099679432 20
5341 2.3 2.1 2.5 30.1662824817 -92.0267862287 20
5257 2.2 2 2.4 30.1758179152 -92.0362633079 20
1026 2.9 2.7 3.1 30.1527301524 -91.9851212329 20
686 2.3 2.1 2.5 30.1833232633 -91.9958805141 20
5287 2.6 2.4 2.9 30.1985462427 -92.028270898 20
2978 2.8 2.6 3 30.1889847423 -92.0452547816 20
6335 2.5 2.3 2.7 30.1792773459 -92.0586547495 20
3526 2.7 2.6 2.9 30.1904075894 -92.0691041924 20
4277 2.5 2.3 2.7 30.2038449294 -92.0547190311 20
1315 2.5 2.4 2.7 30.217352534 -92.079039771 20
687 2.9 2.6 3.1 30.1887714799 -92.0981355976 20
4064 2.7 2.5 2.9 30.1965012966 -92.0818885855 20
239 2.2 2.1 2.4 30.1750365398 -92.0865055008 20
6329 1.6 1.5 1.7 30.20913162 -92.0206656257 20
3351 34.4 31.1 37.9 30.2248618566 -92.0194019578 21
2257 40.2 36.9 43.1 30.2199540086 -92.0033645168 21
2503 21.8 18.7 25.3 30.2153844022 -92.0340798419 21
4269 24.5 21.9 27.5 30.2264323957 -92.0448448991 21
2443 23.8 21.2 26.4 30.2206542542 -92.0661066676 21
7068 24.3 21.7 27.1 30.2093684916 -92.0626252871 21
2660 48 44.6 51.1 30.2398654251 -92.0497465883 21
3015 43.5 39.7 47 30.2360142728 -92.0258425957 21
1911 46.7 42.6 50.5 30.2476177151 -92.0293581272 21
1470 33.4 30.6 36.2 30.2694444251 -92.0352633542 21
2880 30.5 27.6 33.5 30.2794482668 -92.0143342646 21
4016 27.3 24.7 30 30.2794741098 -91.9920096054 21
6201 44.5 41 47.7 30.2472601496 -92.0146813203 21
6207 33.1 29.9 36.3 30.2510465326 -91.9946830095 21
4510 42.2 39 45.3 30.2251260713 -91.9917510653 21
5745 18.8 16.4 21.4 30.1600909682 -92.0735464258 21
526 18.5 15.6 22 30.1322533074 -92.0395334273 21
4419 24.4 20.9 27.7 30.148751067 -92.0530017571 21
1578 19.8 16.9 22.8 30.146105427 -92.0245845719 21
6247 23.6 20.4 26.8 30.1620059713 -92.0099679432 21
5341 20.8 18.3 23.5 30.1662824817 -92.0267862287 21
5257 15.8 13.7 18.2 30.1758179152 -92.0362633079 21
1026 24.1 21 27.4 30.1527301524 -91.9851212329 21
686 21.6 18.8 24.7 30.1833232633 -91.9958805141 21
5287 19.3 16.6 22.4 30.1985462427 -92.028270898 21
2978 17.9 15.6 20.5 30.1889847423 -92.0452547816 21
6335 20.5 17.9 23.1 30.1792773459 -92.0586547495 21
3526 26.7 24.2 29.4 30.1904075894 -92.0691041924 21
4277 24 21.5 26.9 30.2038449294 -92.0547190311 21
1315 27.1 24.4 29.7 30.217352534 -92.079039771 21
687 28 24.8 31.1 30.1887714799 -92.0981355976 21
4064 24.1 21.2 27.1 30.1965012966 -92.0818885855 21
239 24.4 21.7 27.5 30.1750365398 -92.0865055008 21
6329 19.4 17.3 21.8 30.20913162 -92.0206656257 21
3351 80.5 77.7 83.1 30.2248618566 -92.0194019578 22
2257 81.5 78.3 84.3 30.2199540086 -92.0033645168 22
2503 79.2 75 82.6 30.2153844022 -92.0340798419 22
4269 78.8 75.1 81.7 30.2264323957 -92.0448448991 22
2443 78.7 75.1 81.9 30.2206542542 -92.0661066676 22
7068 78.6 75.2 81.6 30.2093684916 -92.0626252871 22
2660 81.4 78.1 84.2 30.2398654251 -92.0497465883 22
3015 81.7 78.4 84.4 30.2360142728 -92.0258425957 22
1911 80.9 77.3 84.1 30.2476177151 -92.0293581272 22
1470 79.7 76.3 82.5 30.2694444251 -92.0352633542 22
2880 80 76.9 82.8 30.2794482668 -92.0143342646 22
4016 79.5 76.4 82.5 30.2794741098 -91.9920096054 22
6201 80.9 78 83.4 30.2472601496 -92.0146813203 22
6207 81 78.1 83.6 30.2510465326 -91.9946830095 22
4510 80.5 77.9 83.1 30.2251260713 -91.9917510653 22
5745 79.7 76 82.8 30.1600909682 -92.0735464258 22
526 80.8 76.6 84.1 30.1322533074 -92.0395334273 22
4419 78.5 73.9 82.4 30.148751067 -92.0530017571 22
1578 79.2 74.9 82.6 30.146105427 -92.0245845719 22
6247 79 75.4 82.5 30.1620059713 -92.0099679432 22
5341 80.2 76.8 83.1 30.1662824817 -92.0267862287 22
5257 80.6 77 83.5 30.1758179152 -92.0362633079 22
1026 77.4 73.3 81.1 30.1527301524 -91.9851212329 22
686 79.6 75.4 82.9 30.1833232633 -91.9958805141 22
5287 79.9 75.8 83 30.1985462427 -92.028270898 22
2978 79.8 76.1 82.7 30.1889847423 -92.0452547816 22
6335 79 75.2 82.3 30.1792773459 -92.0586547495 22
3526 78.2 74.5 81.3 30.1904075894 -92.0691041924 22
4277 78.3 74.8 81.4 30.2038449294 -92.0547190311 22
1315 78.4 74.7 81.9 30.217352534 -92.079039771 22
687 76.8 72.5 80.4 30.1887714799 -92.0981355976 22
4064 79.1 74.8 83 30.1965012966 -92.0818885855 22
239 78.3 74.4 81.6 30.1750365398 -92.0865055008 22
6329 79.9 77.3 82.4 30.20913162 -92.0206656257 22
3351 18.1 16.3 20 30.2248618566 -92.0194019578 23
2257 16.6 15.1 18.2 30.2199540086 -92.0033645168 23
2503 12.3 10.5 14.4 30.2153844022 -92.0340798419 23
4269 13.3 11.9 14.9 30.2264323957 -92.0448448991 23
2443 12.7 11.3 14.1 30.2206542542 -92.0661066676 23
7068 14.6 12.9 16.6 30.2093684916 -92.0626252871 23
2660 21.6 19.6 23.7 30.2398654251 -92.0497465883 23
3015 18.5 16.7 20.4 30.2360142728 -92.0258425957 23
1911 20 17.9 22.2 30.2476177151 -92.0293581272 23
1470 16.9 15.3 18.5 30.2694444251 -92.0352633542 23
2880 15 13.6 16.6 30.2794482668 -92.0143342646 23
4016 13 11.8 14.3 30.2794741098 -91.9920096054 23
6201 20 18.2 21.9 30.2472601496 -92.0146813203 23
6207 15 13.5 16.7 30.2510465326 -91.9946830095 23
4510 17.2 15.7 18.8 30.2251260713 -91.9917510653 23
5745 11 9.7 12.5 30.1600909682 -92.0735464258 23
526 11.6 9.8 13.5 30.1322533074 -92.0395334273 23
4419 12.4 10.7 14 30.148751067 -92.0530017571 23
1578 11.1 9.7 12.9 30.146105427 -92.0245845719 23
6247 13.3 11.5 15.1 30.1620059713 -92.0099679432 23
5341 12 10.5 13.6 30.1662824817 -92.0267862287 23
5257 8.4 7.4 9.6 30.1758179152 -92.0362633079 23
1026 11.8 10.4 13.3 30.1527301524 -91.9851212329 23
686 12 10.5 13.6 30.1833232633 -91.9958805141 23
5287 9.9 8.7 11.5 30.1985462427 -92.028270898 23
2978 8.8 7.8 10 30.1889847423 -92.0452547816 23
6335 10.6 9.4 11.9 30.1792773459 -92.0586547495 23
3526 14.1 12.7 15.7 30.1904075894 -92.0691041924 23
4277 13.9 12.3 15.8 30.2038449294 -92.0547190311 23
1315 14.1 12.8 15.6 30.217352534 -92.079039771 23
687 14.2 12.7 15.8 30.1887714799 -92.0981355976 23
4064 12.4 10.9 14.1 30.1965012966 -92.0818885855 23
239 14 12.4 15.8 30.1750365398 -92.0865055008 23
6329 14.1 12.5 15.7 30.20913162 -92.0206656257 23
3351 41.5 39.9 43.1 30.2248618566 -92.0194019578 24
2257 44.4 42.9 45.7 30.2199540086 -92.0033645168 24
2503 27 25.2 28.7 30.2153844022 -92.0340798419 24
4269 29.9 28.3 31.3 30.2264323957 -92.0448448991 24
2443 30 28.6 31.3 30.2206542542 -92.0661066676 24
7068 29.9 28.4 31.5 30.2093684916 -92.0626252871 24
2660 50.7 49.2 52 30.2398654251 -92.0497465883 24
3015 47.9 46.2 49.4 30.2360142728 -92.0258425957 24
1911 48.6 47.1 50.2 30.2476177151 -92.0293581272 24
1470 38.5 37.1 39.8 30.2694444251 -92.0352633542 24
2880 37.2 35.8 38.6 30.2794482668 -92.0143342646 24
4016 35.2 33.9 36.6 30.2794741098 -91.9920096054 24
6201 47.8 46.2 49.2 30.2472601496 -92.0146813203 24
6207 40.5 39 42 30.2510465326 -91.9946830095 24
4510 44.8 43.3 46.2 30.2251260713 -91.9917510653 24
5745 26.7 25 28.2 30.1600909682 -92.0735464258 24
526 28.4 26.3 30.5 30.1322533074 -92.0395334273 24
4419 29.1 27.3 30.7 30.148751067 -92.0530017571 24
1578 27.5 25.9 29.3 30.146105427 -92.0245845719 24
6247 30.5 28.9 32.2 30.1620059713 -92.0099679432 24
5341 28.5 27.1 29.9 30.1662824817 -92.0267862287 24
5257 24.1 22.6 25.8 30.1758179152 -92.0362633079 24
1026 30.1 28.5 31.8 30.1527301524 -91.9851212329 24
686 28.7 27.1 30.4 30.1833232633 -91.9958805141 24
5287 26 24.4 27.7 30.1985462427 -92.028270898 24
2978 25.5 23.9 27.3 30.1889847423 -92.0452547816 24
6335 27.3 25.6 29 30.1792773459 -92.0586547495 24
3526 31.8 30.5 33.1 30.1904075894 -92.0691041924 24
4277 28.9 27.4 30.2 30.2038449294 -92.0547190311 24
1315 32.6 31.2 33.9 30.217352534 -92.079039771 24
687 32 30.6 33.6 30.1887714799 -92.0981355976 24
4064 29.6 28.1 31.1 30.1965012966 -92.0818885855 24
239 28.8 27.2 30.1 30.1750365398 -92.0865055008 24
6329 24.8 23.4 26.3 30.20913162 -92.0206656257 24
3351 81.8 79.2 84.2 30.2248618566 -92.0194019578 25
2257 83.2 81 85.7 30.2199540086 -92.0033645168 25
2503 82.8 79.3 85.7 30.2153844022 -92.0340798419 25
4269 83 80.4 85.4 30.2264323957 -92.0448448991 25
2443 82.4 79.7 84.8 30.2206542542 -92.0661066676 25
7068 80.7 77.1 84 30.2093684916 -92.0626252871 25
2660 83.2 80.8 85.3 30.2398654251 -92.0497465883 25
3015 83.6 81 85.7 30.2360142728 -92.0258425957 25
1911 82.4 79.7 85.1 30.2476177151 -92.0293581272 25
1470 82.4 80.1 84.7 30.2694444251 -92.0352633542 25
2880 83.5 81.1 85.6 30.2794482668 -92.0143342646 25
4016 84 81.8 85.9 30.2794741098 -91.9920096054 25
6201 83.1 80.7 85.5 30.2472601496 -92.0146813203 25
6207 84 81.6 86.4 30.2510465326 -91.9946830095 25
4510 82.7 80.5 84.9 30.2251260713 -91.9917510653 25
5745 83.1 80.2 85.7 30.1600909682 -92.0735464258 25
526 85 82.3 87.6 30.1322533074 -92.0395334273 25
4419 82.2 79.2 85 30.148751067 -92.0530017571 25
1578 83 79.8 85.6 30.146105427 -92.0245845719 25
6247 82.8 80.2 85.5 30.1620059713 -92.0099679432 25
5341 83.7 80.8 86.2 30.1662824817 -92.0267862287 25
5257 84.9 82.3 87.2 30.1758179152 -92.0362633079 25
1026 82.6 79.4 85.3 30.1527301524 -91.9851212329 25
686 83.3 80.3 85.8 30.1833232633 -91.9958805141 25
5287 84.6 81.5 87.1 30.1985462427 -92.028270898 25
2978 85.5 82.7 87.9 30.1889847423 -92.0452547816 25
6335 83.6 80.7 86.3 30.1792773459 -92.0586547495 25
3526 82 79.5 84.3 30.1904075894 -92.0691041924 25
4277 81.4 78.6 84.1 30.2038449294 -92.0547190311 25
1315 82.2 79.8 84.5 30.217352534 -92.079039771 25
687 81.1 78.3 84 30.1887714799 -92.0981355976 25
4064 82.9 80 85.6 30.1965012966 -92.0818885855 25
239 79.5 76.2 82.5 30.1750365398 -92.0865055008 25
6329 79.3 76.6 82 30.20913162 -92.0206656257 25
3351 16.7 15 18.5 30.2248618566 -92.0194019578 26
2257 18.7 16.9 20.5 30.2199540086 -92.0033645168 26
2503 10.9 9.4 12.6 30.2153844022 -92.0340798419 26
4269 12.1 10.9 13.5 30.2264323957 -92.0448448991 26
2443 11.5 10.2 12.8 30.2206542542 -92.0661066676 26
7068 11.1 10.1 12.3 30.2093684916 -92.0626252871 26
2660 23.3 21.2 25.4 30.2398654251 -92.0497465883 26
3015 21 18.9 23.1 30.2360142728 -92.0258425957 26
1911 22.7 20.4 24.9 30.2476177151 -92.0293581272 26
1470 16.2 14.8 17.7 30.2694444251 -92.0352633542 26
2880 14.5 13.1 16 30.2794482668 -92.0143342646 26
4016 13.5 12.1 14.9 30.2794741098 -91.9920096054 26
6201 21.6 19.8 23.5 30.2472601496 -92.0146813203 26
6207 15.5 14 17.2 30.2510465326 -91.9946830095 26
4510 21.1 19.2 23 30.2251260713 -91.9917510653 26
5745 9.2 8 10.5 30.1600909682 -92.0735464258 26
526 9 7.7 10.6 30.1322533074 -92.0395334273 26
4419 12.2 10.4 13.9 30.148751067 -92.0530017571 26
1578 9.9 8.4 11.5 30.146105427 -92.0245845719 26
6247 11.5 9.9 13 30.1620059713 -92.0099679432 26
5341 10 8.8 11.3 30.1662824817 -92.0267862287 26
5257 8.2 7.1 9.4 30.1758179152 -92.0362633079 26
1026 12.4 10.8 14.2 30.1527301524 -91.9851212329 26
686 10.7 9.4 12.4 30.1833232633 -91.9958805141 26
5287 9.9 8.6 11.7 30.1985462427 -92.028270898 26
2978 9.7 8.4 11 30.1889847423 -92.0452547816 26
6335 10.4 9.1 11.9 30.1792773459 -92.0586547495 26
3526 12.7 11.5 14 30.1904075894 -92.0691041924 26
4277 11.4 10.3 12.7 30.2038449294 -92.0547190311 26
1315 12.6 11.4 13.9 30.217352534 -92.079039771 26
687 14.1 12.5 15.9 30.1887714799 -92.0981355976 26
4064 12 10.4 13.7 30.1965012966 -92.0818885855 26
239 11.4 10.1 12.9 30.1750365398 -92.0865055008 26
6329 7.8 7.1 8.6 30.20913162 -92.0206656257 26
3351 43.5 41.8 45.2 30.2248618566 -92.0194019578 27
2257 45.8 44.3 47.1 30.2199540086 -92.0033645168 27
2503 32.6 30.5 34.7 30.2153844022 -92.0340798419 27
4269 34.8 33.1 36.5 30.2264323957 -92.0448448991 27
2443 35.7 34.1 37.1 30.2206542542 -92.0661066676 27
7068 36.6 34.9 38.4 30.2093684916 -92.0626252871 27
2660 49.4 48 50.8 30.2398654251 -92.0497465883 27
3015 47.8 46.1 49.4 30.2360142728 -92.0258425957 27
1911 48.7 47 50.2 30.2476177151 -92.0293581272 27
1470 41.4 39.9 42.8 30.2694444251 -92.0352633542 27
2880 40.6 39.1 42.1 30.2794482668 -92.0143342646 27
4016 38.6 37.2 39.9 30.2794741098 -91.9920096054 27
6201 47.4 45.7 48.8 30.2472601496 -92.0146813203 27
6207 43.5 41.9 45.1 30.2510465326 -91.9946830095 27
4510 44.2 42.7 45.6 30.2251260713 -91.9917510653 27
5745 33.8 32 35.6 30.1600909682 -92.0735464258 27
526 35.3 33 37.6 30.1322533074 -92.0395334273 27
4419 34.4 32.4 36.1 30.148751067 -92.0530017571 27
1578 33.9 31.9 35.8 30.146105427 -92.0245845719 27
6247 36 34.2 37.8 30.1620059713 -92.0099679432 27
5341 34.4 32.7 36.2 30.1662824817 -92.0267862287 27
5257 29.6 28.2 31.4 30.1758179152 -92.0362633079 27
1026 33.9 32.1 35.6 30.1527301524 -91.9851212329 27
686 34 32.2 35.8 30.1833232633 -91.9958805141 27
5287 30.9 29.2 32.6 30.1985462427 -92.028270898 27
2978 29.2 27.5 31 30.1889847423 -92.0452547816 27
6335 32.3 30.6 34 30.1792773459 -92.0586547495 27
3526 37.1 35.5 38.5 30.1904075894 -92.0691041924 27
4277 35.2 33.4 36.9 30.2038449294 -92.0547190311 27
1315 37.7 36.2 39.1 30.217352534 -92.079039771 27
687 36.5 35 38 30.1887714799 -92.0981355976 27
4064 34.5 32.8 36.2 30.1965012966 -92.0818885855 27
239 36.6 34.8 38.2 30.1750365398 -92.0865055008 27
6329 35 33.2 37 30.20913162 -92.0206656257 27
3351 28.7 22.1 35.9 30.2248618566 -92.0194019578 28
2257 30.9 23.1 38.8 30.2199540086 -92.0033645168 28
2503 12.8 7.5 21.6 30.2153844022 -92.0340798419 28
4269 15.5 9.7 23.1 30.2264323957 -92.0448448991 28
2443 13.1 8.6 18.1 30.2206542542 -92.0661066676 28
7068 16 11 22.5 30.2093684916 -92.0626252871 28
2660 41.8 33.3 49.5 30.2398654251 -92.0497465883 28
3015 35.1 26.4 44.6 30.2360142728 -92.0258425957 28
1911 40.5 31 49.7 30.2476177151 -92.0293581272 28
1470 23.8 18.1 30.3 30.2694444251 -92.0352633542 28
2880 19.2 12.5 26.1 30.2794482668 -92.0143342646 28
4016 15 10.1 21 30.2794741098 -91.9920096054 28
6201 36.4 30.1 43.7 30.2472601496 -92.0146813203 28
6207 21.5 16.1 27.4 30.2510465326 -91.9946830095 28
4510 31.8 24.6 39.3 30.2251260713 -91.9917510653 28
5745 8.8 5.4 13 30.1600909682 -92.0735464258 28
526 9.4 5.6 13.9 30.1322533074 -92.0395334273 28
4419 13.7 7.7 21.3 30.148751067 -92.0530017571 28
1578 9.3 5.3 14.6 30.146105427 -92.0245845719 28
6247 13.9 8.4 20.1 30.1620059713 -92.0099679432 28
5341 11.3 6.7 17.2 30.1662824817 -92.0267862287 28
5257 5.8 3.4 9.1 30.1758179152 -92.0362633079 28
1026 12.3 7.3 18 30.1527301524 -91.9851212329 28
686 11.5 6.8 17.3 30.1833232633 -91.9958805141 28
5287 9 4.8 15.2 30.1985462427 -92.028270898 28
2978 7 4.2 11.1 30.1889847423 -92.0452547816 28
6335 9.3 5.7 14.1 30.1792773459 -92.0586547495 28
3526 16.4 10.7 23.2 30.1904075894 -92.0691041924 28
4277 15.7 10.5 22.1 30.2038449294 -92.0547190311 28
1315 16.6 11.1 23 30.217352534 -92.079039771 28
687 16.3 10.5 22.8 30.1887714799 -92.0981355976 28
4064 13.4 7.5 20.5 30.1965012966 -92.0818885855 28
239 14.8 9 22 30.1750365398 -92.0865055008 28
6329 14.2 9.9 19.6 30.20913162 -92.0206656257 28
