Louisiana
LA
Lake Charles
2105 15.5 12.9 18.1 30.2285102809 -93.2133206578 1
1511 23.8 19.8 28 30.2430589934 -93.2226154912 1
1836 24.2 20.3 28.5 30.2563922475 -93.2006512526 1
1574 26.3 21.6 30.8 30.232049273 -93.1989991617 1
3163 10.3 8.5 12.3 30.2234280787 -93.227047485 1
6626 23.7 20.7 27 30.2190849279 -93.1872332751 1
4817 19.3 16.7 22.1 30.207454177 -93.2354727334 1
3333 18.8 16.2 21.3 30.2051926923 -93.2102139407 1
4049 15.3 12.7 18 30.203762186 -93.1916362305 1
3717 10.5 8.4 12.9 30.1873750776 -93.2271869578 1
4300 15.9 13.9 18.4 30.186661783 -93.2120514277 1
4773 16.6 13.5 19.6 30.1865203226 -93.1970871054 1
3077 22.8 19.4 27 30.1870714486 -93.184353694 1
4557 10.7 9 12.7 30.1688219129 -93.2200193437 1
3863 23.2 19.8 26.4 30.2561475779 -93.1821314722 1
1890 22.4 19.3 25.5 30.2361507821 -93.1804552676 1
3861 25.8 21.8 29.6 30.2152323024 -93.1547285358 1
592 14.3 11.6 17.8 30.1851170988 -93.1734374775 1
2688 11.4 9.5 13.8 30.1547960367 -93.2945978203 1
2170 7.6 6.1 9.2 30.1963402498 -93.2558076241 1
2762 11.8 9.5 14.6 30.1683317858 -93.2417934931 1
4729 8 6.5 10 30.1759050943 -93.2589712311 1
2105 26.9 25.7 28 30.2285102809 -93.2133206578 2
1511 35.7 34.4 37.3 30.2430589934 -93.2226154912 2
1836 36.5 34.8 38.3 30.2563922475 -93.2006512526 2
1574 34.2 32.5 35.9 30.232049273 -93.1989991617 2
3163 25.1 23.7 26.5 30.2234280787 -93.227047485 2
6626 32 31 33.1 30.2190849279 -93.1872332751 2
4817 29.5 28.4 30.6 30.207454177 -93.2354727334 2
3333 28.2 27.1 29.3 30.2051926923 -93.2102139407 2
4049 29.2 28 30.5 30.203762186 -93.1916362305 2
3717 29.1 27.5 30.7 30.1873750776 -93.2271869578 2
4300 18 17.4 18.6 30.186661783 -93.2120514277 2
4773 24.4 23.4 25.5 30.1865203226 -93.1970871054 2
3077 25 24 26.1 30.1870714486 -93.184353694 2
4557 27.5 26.3 28.8 30.1688219129 -93.2200193437 2
3863 35.5 34.3 36.7 30.2561475779 -93.1821314722 2
1890 33.3 32 34.5 30.2361507821 -93.1804552676 2
3861 24.1 23.1 25.2 30.2152323024 -93.1547285358 2
592 20.4 19.4 21.3 30.1851170988 -93.1734374775 2
2688 22.9 21.6 24.1 30.1547960367 -93.2945978203 2
2170 29.5 27.7 31.4 30.1963402498 -93.2558076241 2
2762 24 22.7 25.4 30.1683317858 -93.2417934931 2
4729 22.8 21.4 24.2 30.1759050943 -93.2589712311 2
2105 17.9 17.2 18.6 30.2285102809 -93.2133206578 3
1511 11.5 10.9 12.1 30.2430589934 -93.2226154912 3
1836 10.5 9.9 11.1 30.2563922475 -93.2006512526 3
1574 10.5 9.9 11.2 30.232049273 -93.1989991617 3
3163 19.8 19 20.6 30.2234280787 -93.227047485 3
6626 12.6 12 13.1 30.2190849279 -93.1872332751 3
4817 15.1 14.5 15.7 30.207454177 -93.2354727334 3
3333 16.7 16 17.3 30.2051926923 -93.2102139407 3
4049 15.3 14.8 15.9 30.203762186 -93.1916362305 3
3717 18.5 17.8 19.2 30.1873750776 -93.2271869578 3
4300 21.5 20.5 22.5 30.186661783 -93.2120514277 3
4773 17.3 16.6 17.9 30.1865203226 -93.1970871054 3
3077 14.1 13.3 14.9 30.1870714486 -93.184353694 3
4557 18.9 18.2 19.4 30.1688219129 -93.2200193437 3
3863 11.4 10.8 11.9 30.2561475779 -93.1821314722 3
1890 12.3 11.7 12.8 30.2361507821 -93.1804552676 3
3861 17.9 17 18.9 30.2152323024 -93.1547285358 3
592 23.1 21.9 24.3 30.1851170988 -93.1734374775 3
2688 21.4 20.6 22.2 30.1547960367 -93.2945978203 3
2170 17.8 17.1 18.5 30.1963402498 -93.2558076241 3
2762 20.5 19.7 21.4 30.1683317858 -93.2417934931 3
4729 21.4 20.6 22.2 30.1759050943 -93.2589712311 3
3077 4.9 4.4 5.4 30.1870714486 -93.184353694 6
4557 3.3 2.9 3.7 30.1688219129 -93.2200193437 6
2105 4.2 3.8 4.6 30.2285102809 -93.2133206578 6
1511 8.5 7.6 9.5 30.2430589934 -93.2226154912 6
1836 9 7.9 10.1 30.2563922475 -93.2006512526 6
1574 8.6 7.6 9.7 30.232049273 -93.1989991617 6
3163 2.9 2.6 3.3 30.2234280787 -93.227047485 6
6626 6.9 6.3 7.4 30.2190849279 -93.1872332751 6
4817 5.2 4.6 5.7 30.207454177 -93.2354727334 6
3333 4.8 4.3 5.3 30.2051926923 -93.2102139407 6
4049 4.4 3.9 4.9 30.203762186 -93.1916362305 6
3717 3.5 3 4 30.1873750776 -93.2271869578 6
4300 2.6 2.4 2.8 30.186661783 -93.2120514277 6
4773 3.7 3.3 4 30.1865203226 -93.1970871054 6
3863 8.2 7.4 9 30.2561475779 -93.1821314722 6
1890 7.3 6.6 8.1 30.2361507821 -93.1804552676 6
3861 5 4.5 5.5 30.2152323024 -93.1547285358 6
592 2.5 2.2 2.8 30.1851170988 -93.1734374775 6
2688 2.5 2.3 2.9 30.1547960367 -93.2945978203 6
2170 3.1 2.7 3.6 30.1963402498 -93.2558076241 6
2762 3 2.5 3.6 30.1683317858 -93.2417934931 6
4729 2.2 1.9 2.6 30.1759050943 -93.2589712311 6
2105 5.9 5.7 6.1 30.2285102809 -93.2133206578 7
1511 6.4 6.1 6.7 30.2430589934 -93.2226154912 7
1836 6.5 6.2 6.9 30.2563922475 -93.2006512526 7
1574 5.5 5.3 5.9 30.232049273 -93.1989991617 7
3163 6.7 6.4 7 30.2234280787 -93.227047485 7
6626 5.5 5.3 5.7 30.2190849279 -93.1872332751 7
4817 6.4 6.1 6.7 30.207454177 -93.2354727334 7
3333 6 5.7 6.3 30.2051926923 -93.2102139407 7
4049 7.1 6.8 7.4 30.203762186 -93.1916362305 7
3717 8.5 8.1 8.9 30.1873750776 -93.2271869578 7
4300 4.3 4.1 4.4 30.186661783 -93.2120514277 7
4773 5.4 5.2 5.5 30.1865203226 -93.1970871054 7
3077 4.1 3.9 4.3 30.1870714486 -93.184353694 7
4557 8 7.6 8.3 30.1688219129 -93.2200193437 7
3863 6.4 6.2 6.7 30.2561475779 -93.1821314722 7
1890 6.1 5.9 6.4 30.2361507821 -93.1804552676 7
3861 4 3.9 4.2 30.2152323024 -93.1547285358 7
592 5 4.8 5.3 30.1851170988 -93.1734374775 7
2688 5.9 5.6 6.2 30.1547960367 -93.2945978203 7
2170 9.1 8.6 9.5 30.1963402498 -93.2558076241 7
2762 7.2 6.7 7.6 30.1683317858 -93.2417934931 7
4729 7.1 6.7 7.4 30.1759050943 -93.2589712311 7
2105 9.5 9 10.1 30.2285102809 -93.2133206578 8
1511 11.5 10.6 12.6 30.2430589934 -93.2226154912 8
1836 12 11.1 13.2 30.2563922475 -93.2006512526 8
1574 12.7 11.5 14.1 30.232049273 -93.1989991617 8
3163 8.1 7.7 8.6 30.2234280787 -93.227047485 8
6626 11.9 11.1 12.8 30.2190849279 -93.1872332751 8
4817 10.2 9.6 10.9 30.207454177 -93.2354727334 8
3333 10 9.4 10.6 30.2051926923 -93.2102139407 8
4049 9.5 8.9 10.2 30.203762186 -93.1916362305 8
3717 7.9 7.5 8.5 30.1873750776 -93.2271869578 8
4300 9.1 8.6 9.7 30.186661783 -93.2120514277 8
4773 10 9.3 10.7 30.1865203226 -93.1970871054 8
3077 11.8 10.9 13 30.1870714486 -93.184353694 8
4557 7.9 7.5 8.4 30.1688219129 -93.2200193437 8
3863 11.7 10.9 12.6 30.2561475779 -93.1821314722 8
1890 11.3 10.6 12.2 30.2361507821 -93.1804552676 8
3861 10.4 9.7 11.3 30.2152323024 -93.1547285358 8
592 9 8.3 10.1 30.1851170988 -93.1734374775 8
2688 8.2 7.7 8.8 30.1547960367 -93.2945978203 8
2170 7.4 7 8 30.1963402498 -93.2558076241 8
2762 8.1 7.5 8.9 30.1683317858 -93.2417934931 8
4729 7.4 6.9 7.9 30.1759050943 -93.2589712311 8
2105 7.3 6.7 7.9 30.2285102809 -93.2133206578 9
1511 11.5 10.5 12.5 30.2430589934 -93.2226154912 9
1836 11.5 10.3 12.6 30.2563922475 -93.2006512526 9
1574 10.5 9.4 11.6 30.232049273 -93.1989991617 9
3163 6.3 5.6 6.9 30.2234280787 -93.227047485 9
6626 9.3 8.7 9.9 30.2190849279 -93.1872332751 9
4817 8.7 8 9.4 30.207454177 -93.2354727334 9
3333 8.2 7.5 8.9 30.2051926923 -93.2102139407 9
4049 7.9 7.2 8.6 30.203762186 -93.1916362305 9
3717 8 7.2 9 30.1873750776 -93.2271869578 9
4300 5 4.7 5.4 30.186661783 -93.2120514277 9
4773 6.2 5.7 6.8 30.1865203226 -93.1970871054 9
3077 6.3 5.9 6.8 30.1870714486 -93.184353694 9
4557 7.6 6.9 8.4 30.1688219129 -93.2200193437 9
3863 11.1 10.3 12 30.2561475779 -93.1821314722 9
1890 10.1 9.3 10.9 30.2361507821 -93.1804552676 9
3861 7.1 6.5 7.7 30.2152323024 -93.1547285358 9
592 5.2 4.8 5.7 30.1851170988 -93.1734374775 9
2688 5.5 4.9 6.1 30.1547960367 -93.2945978203 9
2170 7.6 6.8 8.6 30.1963402498 -93.2558076241 9
2762 6.5 5.7 7.5 30.1683317858 -93.2417934931 9
4729 5.4 4.8 6.1 30.1759050943 -93.2589712311 9
2105 74.1 73.2 75 30.2285102809 -93.2133206578 10
1511 80.3 79.4 81.2 30.2430589934 -93.2226154912 10
1836 81.4 80.4 82.2 30.2563922475 -93.2006512526 10
1574 79.8 78.7 80.9 30.232049273 -93.1989991617 10
3163 73.4 72.5 74.3 30.2234280787 -93.227047485 10
6626 78.8 77.9 79.6 30.2190849279 -93.1872332751 10
4817 74.6 73.8 75.5 30.207454177 -93.2354727334 10
3333 73.5 72.6 74.4 30.2051926923 -93.2102139407 10
4049 79.7 79 80.4 30.203762186 -93.1916362305 10
3717 75 74.1 75.9 30.1873750776 -93.2271869578 10
4300 69.5 68.4 70.6 30.186661783 -93.2120514277 10
4773 75.9 74.9 76.7 30.1865203226 -93.1970871054 10
3077 76.4 75.2 77.5 30.1870714486 -93.184353694 10
4557 74.2 73.5 75 30.1688219129 -93.2200193437 10
3863 80.8 80 81.6 30.2561475779 -93.1821314722 10
1890 80.2 79.4 81 30.2361507821 -93.1804552676 10
3861 73 71.8 74.1 30.2152323024 -93.1547285358 10
592 68.5 67.2 70 30.1851170988 -93.1734374775 10
2688 71.5 70.5 72.6 30.1547960367 -93.2945978203 10
2170 76.8 76 77.8 30.1963402498 -93.2558076241 10
2762 72.9 71.8 73.9 30.1683317858 -93.2417934931 10
4729 74.2 73.3 75.1 30.1759050943 -93.2589712311 10
2105 59.1 55.4 62.5 30.2285102809 -93.2133206578 12
1511 51.2 47.1 55.1 30.2430589934 -93.2226154912 12
1836 51.6 47 56.2 30.2563922475 -93.2006512526 12
1574 47.9 43 53.1 30.232049273 -93.1989991617 12
3163 64.8 61.2 68.3 30.2234280787 -93.227047485 12
6626 51.6 47.9 54.8 30.2190849279 -93.1872332751 12
4817 54.4 51.1 57.6 30.207454177 -93.2354727334 12
3333 53.7 50.2 57.3 30.2051926923 -93.2102139407 12
4049 62.9 59.2 66.2 30.203762186 -93.1916362305 12
3717 66.4 62.3 70 30.1873750776 -93.2271869578 12
4300 57.8 54.9 60.4 30.186661783 -93.2120514277 12
4773 59.9 56.5 63.4 30.1865203226 -93.1970871054 12
3077 51.4 47.4 55.5 30.1870714486 -93.184353694 12
4557 66.6 63.3 69.5 30.1688219129 -93.2200193437 12
3863 53 49.4 56.6 30.2561475779 -93.1821314722 12
1890 54.2 50.6 57.6 30.2361507821 -93.1804552676 12
3861 52.2 48.2 56.2 30.2152323024 -93.1547285358 12
592 62.3 58.3 65.8 30.1851170988 -93.1734374775 12
2688 64.5 60.2 68.2 30.1547960367 -93.2945978203 12
2170 69.2 65.1 72.3 30.1963402498 -93.2558076241 12
2762 65.7 61.4 69.3 30.1683317858 -93.2417934931 12
4729 69.7 65.5 73 30.1759050943 -93.2589712311 12
2105 8.1 7.2 9.1 30.2285102809 -93.2133206578 13
1511 12.4 10.9 13.9 30.2430589934 -93.2226154912 13
1836 12.6 10.9 14.3 30.2563922475 -93.2006512526 13
1574 12.6 10.9 14.5 30.232049273 -93.1989991617 13
3163 6.4 5.5 7.5 30.2234280787 -93.227047485 13
6626 11.2 10.3 12.3 30.2190849279 -93.1872332751 13
4817 10.1 9 11.4 30.207454177 -93.2354727334 13
3333 9.6 8.6 10.7 30.2051926923 -93.2102139407 13
4049 7.7 6.8 8.7 30.203762186 -93.1916362305 13
3717 7.4 6.3 8.7 30.1873750776 -93.2271869578 13
4300 6.1 5.6 6.7 30.186661783 -93.2120514277 13
4773 7.3 6.4 8.1 30.1865203226 -93.1970871054 13
3077 8.9 7.9 9.9 30.1870714486 -93.184353694 13
4557 7.1 6.1 8.2 30.1688219129 -93.2200193437 13
3863 12 10.7 13.3 30.2561475779 -93.1821314722 13
1890 10.9 9.7 12.1 30.2361507821 -93.1804552676 13
3861 9 8 10 30.2152323024 -93.1547285358 13
592 6.5 5.7 7.4 30.1851170988 -93.1734374775 13
2688 6.2 5.3 7.1 30.1547960367 -93.2945978203 13
2170 6.5 5.4 7.8 30.1963402498 -93.2558076241 13
2762 6.2 5.1 7.5 30.1683317858 -93.2417934931 13
4729 4.9 4.1 5.9 30.1759050943 -93.2589712311 13
2105 23.3 19 27.6 30.2285102809 -93.2133206578 14
1511 16.5 12.9 20.6 30.2430589934 -93.2226154912 14
1836 15.6 11.5 20 30.2563922475 -93.2006512526 14
1574 14.5 10.7 19.4 30.232049273 -93.1989991617 14
3163 31.2 25.2 37.5 30.2234280787 -93.227047485 14
6626 17.4 14.7 20.6 30.2190849279 -93.1872332751 14
4817 23.3 18.4 28.9 30.207454177 -93.2354727334 14
3333 22.8 18.1 28 30.2051926923 -93.2102139407 14
4049 26.6 21.9 31.2 30.203762186 -93.1916362305 14
3717 31.8 25.2 38.3 30.1873750776 -93.2271869578 14
4300 26.6 22 31.5 30.186661783 -93.2120514277 14
4773 25.5 20.9 30.6 30.1865203226 -93.1970871054 14
3077 18 14.2 22.5 30.1870714486 -93.184353694 14
4557 31.9 26.5 37.6 30.1688219129 -93.2200193437 14
3863 16.7 13.1 21 30.2561475779 -93.1821314722 14
1890 18 14.6 22 30.2361507821 -93.1804552676 14
3861 16.8 13.2 21.3 30.2152323024 -93.1547285358 14
592 29.3 22.9 36.1 30.1851170988 -93.1734374775 14
2688 30.3 24.2 36.3 30.1547960367 -93.2945978203 14
2170 34 27.8 40.8 30.1963402498 -93.2558076241 14
2762 30.9 24.9 37.4 30.1683317858 -93.2417934931 14
4729 35.4 28.9 41.8 30.1759050943 -93.2589712311 14
2105 27.1 23.3 31 30.2285102809 -93.2133206578 15
1511 18.5 14.6 23 30.2430589934 -93.2226154912 15
1836 19.2 15.3 23.8 30.2563922475 -93.2006512526 15
1574 17 13.2 21.4 30.232049273 -93.1989991617 15
3163 33.2 27.5 38.6 30.2234280787 -93.227047485 15
6626 20.6 17.9 23.4 30.2190849279 -93.1872332751 15
4817 24.1 20 28.5 30.207454177 -93.2354727334 15
3333 23.7 19.4 28.3 30.2051926923 -93.2102139407 15
4049 29.8 25.6 34.2 30.203762186 -93.1916362305 15
3717 33.9 28.3 39.4 30.1873750776 -93.2271869578 15
4300 27.3 23.4 31.6 30.186661783 -93.2120514277 15
4773 29 24.8 33.7 30.1865203226 -93.1970871054 15
3077 21.5 18.2 25.1 30.1870714486 -93.184353694 15
4557 34.1 29.5 38.7 30.1688219129 -93.2200193437 15
3863 19.8 16.4 23.5 30.2561475779 -93.1821314722 15
1890 20.1 16.6 24 30.2361507821 -93.1804552676 15
3861 21.2 16.9 26.4 30.2152323024 -93.1547285358 15
592 32.6 26.7 38.1 30.1851170988 -93.1734374775 15
2688 34.3 29.2 39.6 30.1547960367 -93.2945978203 15
2170 37 31.5 42.3 30.1963402498 -93.2558076241 15
2762 31.3 25.1 37.7 30.1683317858 -93.2417934931 15
4729 37.6 31.8 42.9 30.1759050943 -93.2589712311 15
2105 23.8 20.7 26.6 30.2285102809 -93.2133206578 16
1511 29.3 25.8 32.6 30.2430589934 -93.2226154912 16
1836 28.6 25.2 32 30.2563922475 -93.2006512526 16
1574 31.2 26.9 35.3 30.232049273 -93.1989991617 16
3163 17.8 14.7 21 30.2234280787 -93.227047485 16
6626 30.4 27.6 33 30.2190849279 -93.1872332751 16
4817 26.2 23.5 28.9 30.207454177 -93.2354727334 16
3333 26.7 24 29.4 30.2051926923 -93.2102139407 16
4049 20.2 17.7 22.8 30.203762186 -93.1916362305 16
3717 17.2 14.3 20 30.1873750776 -93.2271869578 16
4300 21.8 19.5 24.1 30.186661783 -93.2120514277 16
4773 23 20.1 26.2 30.1865203226 -93.1970871054 16
3077 29.1 25.8 32.5 30.1870714486 -93.184353694 16
4557 17.2 14.8 19.9 30.1688219129 -93.2200193437 16
3863 28.4 25.3 31.2 30.2561475779 -93.1821314722 16
1890 27.7 24.8 30.3 30.2361507821 -93.1804552676 16
3861 32.8 29.5 36.1 30.2152323024 -93.1547285358 16
592 23.2 19 27.2 30.1851170988 -93.1734374775 16
2688 19.6 16.4 22.7 30.1547960367 -93.2945978203 16
2170 13.9 11.1 16.9 30.1963402498 -93.2558076241 16
2762 17.3 14.4 20.3 30.1683317858 -93.2417934931 16
4729 13.7 11.2 16.7 30.1759050943 -93.2589712311 16
2105 54.9 51.3 58.8 30.2285102809 -93.2133206578 17
1511 37 33 41 30.2430589934 -93.2226154912 17
1836 36.3 32 40.6 30.2563922475 -93.2006512526 17
1574 33.5 28.9 38.4 30.232049273 -93.1989991617 17
3163 66.6 62.8 70.1 30.2234280787 -93.227047485 17
6626 38.2 35.1 41.5 30.2190849279 -93.1872332751 17
4817 46.9 43.3 50.4 30.207454177 -93.2354727334 17
3333 48 44.4 51.5 30.2051926923 -93.2102139407 17
4049 58.3 54.4 62 30.203762186 -93.1916362305 17
3717 67.6 63.7 71.4 30.1873750776 -93.2271869578 17
4300 56 52.6 59.3 30.186661783 -93.2120514277 17
4773 54.5 50.3 58.6 30.1865203226 -93.1970871054 17
3077 39.7 35.5 43.9 30.1870714486 -93.184353694 17
4557 67.3 63.9 70.5 30.1688219129 -93.2200193437 17
3863 38.7 35.1 42.4 30.2561475779 -93.1821314722 17
1890 40.8 37 44.6 30.2361507821 -93.1804552676 17
3861 37.9 34.1 41.9 30.2152323024 -93.1547285358 17
592 59.6 54.7 65 30.1851170988 -93.1734374775 17
2688 65.9 62.1 69.8 30.1547960367 -93.2945978203 17
2170 74 70.2 77.6 30.1963402498 -93.2558076241 17
2762 66.6 62 70.9 30.1683317858 -93.2417934931 17
4729 75.5 72 78.4 30.1759050943 -93.2589712311 17
2105 13.6 12.8 14.4 30.2285102809 -93.2133206578 18
1511 24.2 22.9 25.7 30.2430589934 -93.2226154912 18
1836 25.2 23.5 26.9 30.2563922475 -93.2006512526 18
1574 23.8 22.2 25.4 30.232049273 -93.1989991617 18
3163 9.7 8.9 10.5 30.2234280787 -93.227047485 18
6626 20.7 19.8 21.7 30.2190849279 -93.1872332751 18
4817 14.6 13.8 15.5 30.207454177 -93.2354727334 18
3333 13.8 13.1 14.7 30.2051926923 -93.2102139407 18
4049 14.5 13.6 15.6 30.203762186 -93.1916362305 18
3717 10.7 9.8 11.7 30.1873750776 -93.2271869578 18
4300 7.6 7.2 8 30.186661783 -93.2120514277 18
4773 12.1 11.3 12.9 30.1865203226 -93.1970871054 18
3077 15.4 14.5 16.2 30.1870714486 -93.184353694 18
4557 10.2 9.5 11 30.1688219129 -93.2200193437 18
3863 23.9 22.7 25 30.2561475779 -93.1821314722 18
1890 21.9 20.7 23.1 30.2361507821 -93.1804552676 18
3861 15.5 14.6 16.4 30.2152323024 -93.1547285358 18
592 7.7 7.2 8.3 30.1851170988 -93.1734374775 18
2688 8.7 8 9.4 30.1547960367 -93.2945978203 18
2170 10.4 9.4 11.5 30.1963402498 -93.2558076241 18
2762 8.7 7.9 9.5 30.1683317858 -93.2417934931 18
4729 7.8 7.1 8.6 30.1759050943 -93.2589712311 18
2105 3.4 3.2 3.6 30.2285102809 -93.2133206578 20
1511 5.7 5.3 6.1 30.2430589934 -93.2226154912 20
1836 6 5.5 6.5 30.2563922475 -93.2006512526 20
1574 5.7 5.2 6.2 30.232049273 -93.1989991617 20
3163 2.8 2.6 3 30.2234280787 -93.227047485 20
6626 4.8 4.5 5 30.2190849279 -93.1872332751 20
4817 4 3.8 4.3 30.207454177 -93.2354727334 20
3333 3.8 3.5 4 30.2051926923 -93.2102139407 20
4049 3.5 3.3 3.8 30.203762186 -93.1916362305 20
3717 3.1 2.9 3.4 30.1873750776 -93.2271869578 20
4300 2.4 2.3 2.5 30.186661783 -93.2120514277 20
4773 3.1 2.9 3.2 30.1865203226 -93.1970871054 20
3077 3.8 3.5 4 30.1870714486 -93.184353694 20
4557 3 2.8 3.2 30.1688219129 -93.2200193437 20
3863 5.5 5.2 5.9 30.2561475779 -93.1821314722 20
1890 5 4.7 5.4 30.2361507821 -93.1804552676 20
3861 3.6 3.4 3.9 30.2152323024 -93.1547285358 20
592 2.3 2.2 2.5 30.1851170988 -93.1734374775 20
2688 2.4 2.3 2.6 30.1547960367 -93.2945978203 20
2170 2.9 2.7 3.2 30.1963402498 -93.2558076241 20
2762 2.7 2.5 3 30.1683317858 -93.2417934931 20
4729 2.3 2.1 2.4 30.1759050943 -93.2589712311 20
2105 30.2 27.5 32.9 30.2285102809 -93.2133206578 21
1511 44.8 41.4 48.2 30.2430589934 -93.2226154912 21
1836 45.9 42.2 49.4 30.2563922475 -93.2006512526 21
1574 47.1 42.5 51.2 30.232049273 -93.1989991617 21
3163 22.8 20.1 25.6 30.2234280787 -93.227047485 21
6626 42.8 40.1 45.5 30.2190849279 -93.1872332751 21
4817 36.1 33.3 38.9 30.207454177 -93.2354727334 21
3333 34.9 32.3 37.5 30.2051926923 -93.2102139407 21
4049 30.3 27.6 33.3 30.203762186 -93.1916362305 21
3717 24.4 21.5 27.5 30.1873750776 -93.2271869578 21
4300 26.1 24.1 28.3 30.186661783 -93.2120514277 21
4773 29.8 27 32.6 30.1865203226 -93.1970871054 21
3077 38.8 35.4 42.2 30.1870714486 -93.184353694 21
4557 23.9 21.6 26.3 30.1688219129 -93.2200193437 21
3863 43.9 40.7 46.7 30.2561475779 -93.1821314722 21
1890 41.8 38.6 44.6 30.2361507821 -93.1804552676 21
3861 38.5 35.2 41.5 30.2152323024 -93.1547285358 21
592 25.1 22 28.3 30.1851170988 -93.1734374775 21
2688 23.1 20.5 25.7 30.1547960367 -93.2945978203 21
2170 21 18.3 24 30.1963402498 -93.2558076241 21
2762 23.5 20.4 26.8 30.1683317858 -93.2417934931 21
4729 18.2 16 20.9 30.1759050943 -93.2589712311 21
2105 80.3 77.5 82.7 30.2285102809 -93.2133206578 22
1511 81.9 78.8 84.7 30.2430589934 -93.2226154912 22
1836 82 78.4 85 30.2563922475 -93.2006512526 22
1574 81.9 78.2 85.2 30.232049273 -93.1989991617 22
3163 79.1 76 82.2 30.2234280787 -93.227047485 22
6626 81.4 79 83.5 30.2190849279 -93.1872332751 22
4817 78.2 75 81 30.207454177 -93.2354727334 22
3333 78.9 75.9 81.5 30.2051926923 -93.2102139407 22
4049 80.7 77.7 83.1 30.203762186 -93.1916362305 22
3717 77.5 73.6 80.9 30.1873750776 -93.2271869578 22
4300 78.2 75.7 80.4 30.186661783 -93.2120514277 22
4773 80.1 77.2 82.5 30.1865203226 -93.1970871054 22
3077 82.7 79.9 85 30.1870714486 -93.184353694 22
4557 77.7 74.6 80.6 30.1688219129 -93.2200193437 22
3863 81.4 78.8 83.9 30.2561475779 -93.1821314722 22
1890 82 79.2 84.6 30.2361507821 -93.1804552676 22
3861 81.6 78 84.6 30.2152323024 -93.1547285358 22
592 77.4 73.8 80.7 30.1851170988 -93.1734374775 22
2688 78.7 75.2 82 30.1547960367 -93.2945978203 22
2170 79.2 75.5 82.2 30.1963402498 -93.2558076241 22
2762 77.7 73.7 81.1 30.1683317858 -93.2417934931 22
4729 79.4 75.5 82.7 30.1759050943 -93.2589712311 22
2105 14.4 13 15.7 30.2285102809 -93.2133206578 23
1511 17.2 15.6 19 30.2430589934 -93.2226154912 23
1836 17.4 15.7 19.3 30.2563922475 -93.2006512526 23
1574 19.4 17.2 21.8 30.232049273 -93.1989991617 23
3163 11.5 10.3 12.9 30.2234280787 -93.227047485 23
6626 18 16.7 19.5 30.2190849279 -93.1872332751 23
4817 16.3 15 17.8 30.207454177 -93.2354727334 23
3333 16.3 15 17.6 30.2051926923 -93.2102139407 23
4049 12.3 11.2 13.6 30.203762186 -93.1916362305 23
3717 11.1 9.9 12.4 30.1873750776 -93.2271869578 23
4300 15.1 13.9 16.4 30.186661783 -93.2120514277 23
4773 14.3 12.9 15.8 30.1865203226 -93.1970871054 23
3077 18.6 16.8 20.7 30.1870714486 -93.184353694 23
4557 11.1 10.1 12.2 30.1688219129 -93.2200193437 23
3863 16.9 15.4 18.4 30.2561475779 -93.1821314722 23
1890 16.3 14.9 17.7 30.2361507821 -93.1804552676 23
3861 17.4 15.9 19 30.2152323024 -93.1547285358 23
592 14.7 12.7 16.8 30.1851170988 -93.1734374775 23
2688 12.2 10.9 13.6 30.1547960367 -93.2945978203 23
2170 9.4 8.3 10.8 30.1963402498 -93.2558076241 23
2762 11.6 10.2 13.2 30.1683317858 -93.2417934931 23
4729 9.4 8.3 10.7 30.1759050943 -93.2589712311 23
2105 39 37.6 40.3 30.2285102809 -93.2133206578 24
1511 51.4 49.9 52.9 30.2430589934 -93.2226154912 24
1836 52.1 50.3 53.7 30.2563922475 -93.2006512526 24
1574 52.5 50.6 54.3 30.232049273 -93.1989991617 24
3163 32.9 31.1 34.6 30.2234280787 -93.227047485 24
6626 50.3 49.1 51.5 30.2190849279 -93.1872332751 24
4817 41.4 40 42.7 30.207454177 -93.2354727334 24
3333 40.9 39.6 42.1 30.2051926923 -93.2102139407 24
4049 39.5 38 40.9 30.203762186 -93.1916362305 24
3717 30.7 29.3 32.4 30.1873750776 -93.2271869578 24
4300 31.2 30.1 32.2 30.186661783 -93.2120514277 24
4773 39.8 38.4 41.2 30.1865203226 -93.1970871054 24
3077 48.1 46.4 49.6 30.1870714486 -93.184353694 24
4557 30.2 28.9 31.5 30.1688219129 -93.2200193437 24
3863 50.6 49.2 51.8 30.2561475779 -93.1821314722 24
1890 49.2 47.9 50.5 30.2361507821 -93.1804552676 24
3861 47 45.5 48.5 30.2152323024 -93.1547285358 24
592 31.3 29.5 33.1 30.1851170988 -93.1734374775 24
2688 31.5 29.9 33 30.1547960367 -93.2945978203 24
2170 29.1 27.3 30.8 30.1963402498 -93.2558076241 24
2762 28 26.5 29.5 30.1683317858 -93.2417934931 24
4729 27.5 25.9 29.2 30.1759050943 -93.2589712311 24
2105 82.8 80.4 85.1 30.2285102809 -93.2133206578 25
1511 84.4 82 86.7 30.2430589934 -93.2226154912 25
1836 84.5 81.8 87.1 30.2563922475 -93.2006512526 25
1574 84.1 81.3 87 30.232049273 -93.1989991617 25
3163 84.8 82.4 87.1 30.2234280787 -93.227047485 25
6626 84 82 85.8 30.2190849279 -93.1872332751 25
4817 83.4 81.3 85.3 30.207454177 -93.2354727334 25
3333 82.7 80.5 84.8 30.2051926923 -93.2102139407 25
4049 84.9 82.7 87.1 30.203762186 -93.1916362305 25
3717 83.3 80.4 86.1 30.1873750776 -93.2271869578 25
4300 80 77.8 82 30.186661783 -93.2120514277 25
4773 84.3 82.3 86.3 30.1865203226 -93.1970871054 25
3077 84.1 81.5 86.5 30.1870714486 -93.184353694 25
4557 83.2 80.7 85.6 30.1688219129 -93.2200193437 25
3863 84.4 82.3 86.4 30.2561475779 -93.1821314722 25
1890 84.4 82.4 86.3 30.2361507821 -93.1804552676 25
3861 83 80.7 85.1 30.2152323024 -93.1547285358 25
592 80.9 77 84.3 30.1851170988 -93.1734374775 25
2688 83 80.4 85.4 30.1547960367 -93.2945978203 25
2170 84.2 81.1 86.9 30.1963402498 -93.2558076241 25
2762 81.4 78.3 84 30.1683317858 -93.2417934931 25
4729 84.5 81.9 86.9 30.1759050943 -93.2589712311 25
2105 14.4 13.1 15.7 30.2285102809 -93.2133206578 26
1511 21.6 19.6 23.7 30.2430589934 -93.2226154912 26
1836 21.7 19.5 24 30.2563922475 -93.2006512526 26
1574 22.5 20 25 30.232049273 -93.1989991617 26
3163 11.2 9.9 12.7 30.2234280787 -93.227047485 26
6626 20.1 18.7 21.7 30.2190849279 -93.1872332751 26
4817 17.1 15.6 18.6 30.207454177 -93.2354727334 26
3333 16.6 15.2 18 30.2051926923 -93.2102139407 26
4049 13.7 12.4 15.2 30.203762186 -93.1916362305 26
3717 12 10.6 13.6 30.1873750776 -93.2271869578 26
4300 11 10.2 11.8 30.186661783 -93.2120514277 26
4773 13.4 12.2 14.7 30.1865203226 -93.1970871054 26
3077 17 15.6 18.7 30.1870714486 -93.184353694 26
4557 11.6 10.4 12.9 30.1688219129 -93.2200193437 26
3863 20.9 19.2 22.7 30.2561475779 -93.1821314722 26
1890 19.4 17.7 21.1 30.2361507821 -93.1804552676 26
3861 16.9 15.4 18.5 30.2152323024 -93.1547285358 26
592 11.3 10 12.6 30.1851170988 -93.1734374775 26
2688 11 9.8 12.3 30.1547960367 -93.2945978203 26
2170 10.8 9.3 12.5 30.1963402498 -93.2558076241 26
2762 10.6 9.2 12.2 30.1683317858 -93.2417934931 26
4729 8.9 7.8 10.2 30.1759050943 -93.2589712311 26
2105 41.1 39.7 42.5 30.2285102809 -93.2133206578 27
1511 48.7 47.3 50.2 30.2430589934 -93.2226154912 27
1836 48.9 47.2 50.6 30.2563922475 -93.2006512526 27
1574 50 48 51.8 30.232049273 -93.1989991617 27
3163 35.8 34 37.6 30.2234280787 -93.227047485 27
6626 49 47.8 50.2 30.2190849279 -93.1872332751 27
4817 42.3 40.8 43.7 30.207454177 -93.2354727334 27
3333 42.4 41.1 43.7 30.2051926923 -93.2102139407 27
4049 42 40.5 43.4 30.203762186 -93.1916362305 27
3717 33.8 32.3 35.5 30.1873750776 -93.2271869578 27
4300 38.8 37.5 40 30.186661783 -93.2120514277 27
4773 42.8 41.4 44.3 30.1865203226 -93.1970871054 27
3077 48.5 46.8 50.2 30.1870714486 -93.184353694 27
4557 34.2 32.8 35.5 30.1688219129 -93.2200193437 27
3863 48.5 47.2 49.7 30.2561475779 -93.1821314722 27
1890 47.9 46.5 49.2 30.2361507821 -93.1804552676 27
3861 48.2 46.7 49.6 30.2152323024 -93.1547285358 27
592 37.1 35 39 30.1851170988 -93.1734374775 27
2688 36.5 34.8 38 30.1547960367 -93.2945978203 27
2170 32.2 30.4 34 30.1963402498 -93.2558076241 27
2762 34.7 32.9 36.4 30.1683317858 -93.2417934931 27
4729 33 31.4 34.7 30.1759050943 -93.2589712311 27
2105 20.7 15.5 26.8 30.2285102809 -93.2133206578 28
1511 37 27.3 46.7 30.2430589934 -93.2226154912 28
1836 37.6 27.6 47.7 30.2563922475 -93.2006512526 28
1574 41.3 29.7 52.5 30.232049273 -93.1989991617 28
3163 12.1 7.5 18 30.2234280787 -93.227047485 28
6626 34.2 28.8 39.8 30.2190849279 -93.1872332751 28
4817 27 19.8 34.9 30.207454177 -93.2354727334 28
3333 26.1 18.8 34.4 30.2051926923 -93.2102139407 28
4049 17.8 12.6 23.7 30.203762186 -93.1916362305 28
3717 13 7.5 19 30.1873750776 -93.2271869578 28
4300 20 14.9 26.4 30.186661783 -93.2120514277 28
4773 19.3 14 25.3 30.1865203226 -93.1970871054 28
3077 31.1 24.6 38.7 30.1870714486 -93.184353694 28
4557 12.9 8.7 18.5 30.1688219129 -93.2200193437 28
3863 35.1 26.9 43.7 30.2561475779 -93.1821314722 28
1890 33 25.2 40.9 30.2361507821 -93.1804552676 28
3861 33.9 25.5 42.9 30.2152323024 -93.1547285358 28
592 16.9 11.5 23.4 30.1851170988 -93.1734374775 28
2688 13 8.6 18.1 30.1547960367 -93.2945978203 28
2170 9 5.4 13.6 30.1963402498 -93.2558076241 28
2762 13.6 7.7 22.7 30.1683317858 -93.2417934931 28
4729 8.1 4.7 13.2 30.1759050943 -93.2589712311 28
