Louisiana
LA
Shreveport
103 24.4 20.3 28.8 32.5398093981 -93.7446296455 1
381 19.7 15.9 23.5 32.4928030013 -93.7106290504 1
2218 14.3 11.3 17.7 32.4758712764 -93.6904672639 1
2961 20.9 17.3 24.7 32.5325039668 -93.7598214022 1
947 24.4 20.2 28.8 32.5154635999 -93.7668483746 1
1111 21.8 18.1 25.4 32.5071877027 -93.7705301786 1
1739 16.7 14.2 19.2 32.4907069698 -93.7510050373 1
3072 21 18.1 23.9 32.496319627 -93.7374536043 1
4575 14.4 12 17.3 32.4870921107 -93.7379023149 1
2607 24 21.6 26.8 32.4959368955 -93.7208960426 1
2127 13.9 11.9 16 32.4871379077 -93.7110670305 1
2360 12.6 10.8 14.6 32.4753776115 -93.7299760217 1
3851 10 8.1 12.7 32.4755248094 -93.7465877527 1
2019 25.6 22.3 29.2 32.4759490266 -93.7672087046 1
1492 25.8 22.2 29.5 32.4871947432 -93.7686246595 1
1451 21.8 17.9 25.9 32.4978391674 -93.7734217466 1
1815 20 15.8 24.1 32.5053248574 -93.7871324357 1
5837 19.9 16.8 23.4 32.4937388125 -93.7937313766 1
5400 22.5 18.8 26.1 32.4743809184 -93.8157060939 1
3002 27.2 22.9 31.4 32.4784229664 -93.7886868661 1
3965 26.9 23.7 30.6 32.4639409031 -93.786406444 1
4983 22.5 19.2 26.2 32.4632248101 -93.7664773627 1
3118 6.9 5 9.2 32.4618699769 -93.7461686937 1
2326 8.3 6.4 10.8 32.4628640101 -93.7285258821 1
3951 8.2 6.4 10.5 32.4661752083 -93.7158258855 1
4624 11.5 9.4 14.3 32.4728724873 -93.7011143424 1
4549 9.4 7.4 11.5 32.4505197595 -93.7175110258 1
1535 9.1 7.2 11.5 32.4452174296 -93.7373364313 1
1631 21.2 18 24.7 32.4480034335 -93.7515610333 1
2028 24 20.9 27.1 32.4489852636 -93.7681813838 1
7095 23.3 19.7 27.2 32.444377596 -93.7910786862 1
3692 25.7 20.9 30.6 32.4569061405 -93.8029647535 1
2973 24.8 20.6 29.1 32.460524931 -93.819266333 1
6597 22.8 19.1 26.8 32.4336132303 -93.7659933455 1
6377 16.5 13.7 19.4 32.4297570285 -93.7402057558 1
6397 10.1 8.1 12.3 32.4306996476 -93.6974983301 1
2909 12.3 10.7 14 32.4055156819 -93.7406361623 1
3095 10.1 8.5 12 32.4319665388 -93.722641924 1
4594 11.9 9.7 14.3 32.4173619469 -93.7109080361 1
6816 7.6 5.9 9.6 32.3645017387 -93.7128197357 1
341 13.6 11.5 15.9 32.3776436912 -93.7924145868 1
6660 20 18.3 21.8 32.4127737738 -93.7784398009 1
7347 14.6 12.5 16.9 32.3958564955 -93.8256325595 1
4919 14 12.6 15.4 32.4218513113 -93.8041898505 1
6984 12.7 11 14.7 32.3902521035 -93.7992865283 1
3601 12.8 11.4 14.4 32.3933269666 -93.7765379004 1
3294 15.6 12.9 18.5 32.4204110774 -93.852509506 1
1440 11.5 9.7 13.4 32.3993884913 -93.8689407795 1
4950 14.9 12.2 17.6 32.4861944678 -93.8944644135 1
5820 16.9 14.6 19.6 32.438057627 -93.87899565 1
96 12.4 9.6 15.4 32.4170499875 -93.9170322399 1
4818 13.4 11.3 15.5 32.4890328855 -93.843622662 1
674 17.2 13.2 21.8 32.5838990593 -93.8046238704 1
5197 28.2 23.5 33.6 32.5562173014 -93.812953912 1
6257 29.3 24.7 33.8 32.5322759516 -93.7981860266 1
1834 12 10 14.1 32.5696397334 -93.7839552086 1
1127 22.7 19.3 26 32.4996110023 -93.7609135321 1
1545 22.5 19.5 25.8 32.5087594451 -93.7449045162 1
64 9.6 7.3 12.4 32.5212193829 -93.8758477824 1
103 37 35.4 38.7 32.5398093981 -93.7446296455 2
381 25.1 23.8 26.3 32.4928030013 -93.7106290504 2
2218 12.8 12 13.6 32.4758712764 -93.6904672639 2
2961 27.8 26.5 29.2 32.5325039668 -93.7598214022 2
947 39.7 38 41.4 32.5154635999 -93.7668483746 2
1111 36.9 35.2 38.6 32.5071877027 -93.7705301786 2
1739 26.3 25.2 27.4 32.4907069698 -93.7510050373 2
3072 30.1 29 31.3 32.496319627 -93.7374536043 2
4575 18.9 18 19.8 32.4870921107 -93.7379023149 2
2607 35.3 34.2 36.3 32.4959368955 -93.7208960426 2
2127 25 24 26.1 32.4871379077 -93.7110670305 2
2360 22.4 21.5 23.3 32.4753776115 -93.7299760217 2
3851 24.2 23 25.4 32.4755248094 -93.7465877527 2
2019 35.8 34.7 37 32.4759490266 -93.7672087046 2
1492 34 32.7 35.2 32.4871947432 -93.7686246595 2
1451 34.8 33.2 36.4 32.4978391674 -93.7734217466 2
1815 36.2 34.5 38 32.5053248574 -93.7871324357 2
5837 32.7 31.3 34 32.4937388125 -93.7937313766 2
5400 30.9 29.6 32.2 32.4743809184 -93.8157060939 2
3002 33.6 32.1 35 32.4784229664 -93.7886868661 2
3965 29.5 28.4 30.6 32.4639409031 -93.786406444 2
4983 29.7 28.4 31 32.4632248101 -93.7664773627 2
3118 25.8 24 27.7 32.4618699769 -93.7461686937 2
2326 24.3 22.9 25.8 32.4628640101 -93.7285258821 2
3951 23.4 22.1 24.9 32.4661752083 -93.7158258855 2
4624 22.8 21.5 24 32.4728724873 -93.7011143424 2
4549 28.1 26.4 30 32.4505197595 -93.7175110258 2
1535 35.8 33.9 37.6 32.4452174296 -93.7373364313 2
1631 28.9 27.7 30.1 32.4480034335 -93.7515610333 2
2028 33.6 32.6 34.7 32.4489852636 -93.7681813838 2
7095 28.3 27.1 29.6 32.444377596 -93.7910786862 2
3692 37.4 35.6 39.1 32.4569061405 -93.8029647535 2
2973 37.3 35.7 38.9 32.460524931 -93.819266333 2
6597 28.6 27.4 29.8 32.4336132303 -93.7659933455 2
6377 33.6 32.2 34.8 32.4297570285 -93.7402057558 2
6397 24.8 23.4 26.2 32.4306996476 -93.6974983301 2
2909 34.7 33.2 36.1 32.4055156819 -93.7406361623 2
3095 26.8 25.5 28 32.4319665388 -93.722641924 2
4594 21.8 20.7 23 32.4173619469 -93.7109080361 2
6816 24.6 23.1 26.2 32.3645017387 -93.7128197357 2
341 35.3 33.7 36.9 32.3776436912 -93.7924145868 2
6660 28.5 27.8 29.1 32.4127737738 -93.7784398009 2
7347 25.9 24.8 27 32.3958564955 -93.8256325595 2
4919 26.4 25.6 27.1 32.4218513113 -93.8041898505 2
6984 29.7 28.4 30.9 32.3902521035 -93.7992865283 2
3601 28 27 29 32.3933269666 -93.7765379004 2
3294 22.9 21.9 24 32.4204110774 -93.852509506 2
1440 24.5 23.3 25.7 32.3993884913 -93.8689407795 2
4950 26.7 25.4 28.1 32.4861944678 -93.8944644135 2
5820 26 24.9 27 32.438057627 -93.87899565 2
96 22.8 21 24.6 32.4170499875 -93.9170322399 2
4818 29 27.8 30.2 32.4890328855 -93.843622662 2
674 22.4 20.9 23.8 32.5838990593 -93.8046238704 2
5197 30.3 28.9 31.6 32.5562173014 -93.812953912 2
6257 29.9 28.7 31.2 32.5322759516 -93.7981860266 2
1834 29.3 27.9 30.7 32.5696397334 -93.7839552086 2
1127 37.9 36.3 39.5 32.4996110023 -93.7609135321 2
1545 30.4 29.1 31.6 32.5087594451 -93.7449045162 2
64 34.9 32.5 37.2 32.5212193829 -93.8758477824 2
103 10.6 10 11.3 32.5398093981 -93.7446296455 3
381 18.1 17.1 19.1 32.4928030013 -93.7106290504 3
2218 23 21.9 24.2 32.4758712764 -93.6904672639 3
2961 12.5 11.7 13.3 32.5325039668 -93.7598214022 3
947 9.1 8.6 9.7 32.5154635999 -93.7668483746 3
1111 9.9 9.4 10.4 32.5071877027 -93.7705301786 3
1739 15.3 14.7 15.9 32.4907069698 -93.7510050373 3
3072 13.4 12.9 14 32.496319627 -93.7374536043 3
4575 20.3 19.4 21.2 32.4870921107 -93.7379023149 3
2607 10.2 9.8 10.5 32.4959368955 -93.7208960426 3
2127 18.2 17.5 18.9 32.4871379077 -93.7110670305 3
2360 20 19.4 20.7 32.4753776115 -93.7299760217 3
3851 18 17.3 18.7 32.4755248094 -93.7465877527 3
2019 10.4 9.8 10.9 32.4759490266 -93.7672087046 3
1492 10.2 9.6 10.9 32.4871947432 -93.7686246595 3
1451 10.6 10 11.3 32.4978391674 -93.7734217466 3
1815 9.9 9.3 10.4 32.5053248574 -93.7871324357 3
5837 11.1 10.5 11.8 32.4937388125 -93.7937313766 3
5400 11.6 11 12.3 32.4743809184 -93.8157060939 3
3002 10.3 9.6 10.9 32.4784229664 -93.7886868661 3
3965 11.5 11 12.2 32.4639409031 -93.786406444 3
4983 12.4 11.7 13.1 32.4632248101 -93.7664773627 3
3118 18.3 17.5 19.1 32.4618699769 -93.7461686937 3
2326 20 19.1 20.9 32.4628640101 -93.7285258821 3
3951 20.6 19.8 21.5 32.4661752083 -93.7158258855 3
4624 19.5 18.7 20.4 32.4728724873 -93.7011143424 3
4549 17.4 16.7 18.1 32.4505197595 -93.7175110258 3
1535 12.7 12.2 13.2 32.4452174296 -93.7373364313 3
1631 12.6 12 13.3 32.4480034335 -93.7515610333 3
2028 10.4 9.9 10.9 32.4489852636 -93.7681813838 3
7095 12 11.3 12.8 32.444377596 -93.7910786862 3
3692 9.2 8.5 9.8 32.4569061405 -93.8029647535 3
2973 9.3 8.7 9.9 32.460524931 -93.819266333 3
6597 12.3 11.5 13 32.4336132303 -93.7659933455 3
6377 12.1 11.6 12.6 32.4297570285 -93.7402057558 3
6397 18.1 17.4 18.8 32.4306996476 -93.6974983301 3
2909 13.3 12.9 13.7 32.4055156819 -93.7406361623 3
3095 16.7 16.1 17.4 32.4319665388 -93.722641924 3
4594 19.4 18.7 20.2 32.4173619469 -93.7109080361 3
6816 19.1 18.4 19.8 32.3645017387 -93.7128197357 3
341 13.4 12.9 14 32.3776436912 -93.7924145868 3
6660 13.7 13.3 14.1 32.4127737738 -93.7784398009 3
7347 16.3 15.7 16.9 32.3958564955 -93.8256325595 3
4919 16.8 16.4 17.2 32.4218513113 -93.8041898505 3
6984 15.4 14.8 15.9 32.3902521035 -93.7992865283 3
3601 17 16.4 17.5 32.3933269666 -93.7765379004 3
3294 16.1 15.4 16.8 32.4204110774 -93.852509506 3
1440 18.6 17.8 19.3 32.3993884913 -93.8689407795 3
4950 14.6 14 15.3 32.4861944678 -93.8944644135 3
5820 15 14.4 15.6 32.438057627 -93.87899565 3
96 21.2 20.1 22.2 32.4170499875 -93.9170322399 3
4818 14.7 14.2 15.2 32.4890328855 -93.843622662 3
674 14.4 13.6 15.3 32.5838990593 -93.8046238704 3
5197 10.2 9.4 11.1 32.5562173014 -93.812953912 3
6257 12.1 11.3 13 32.5322759516 -93.7981860266 3
1834 15.8 15.2 16.4 32.5696397334 -93.7839552086 3
1127 10.1 9.6 10.6 32.4996110023 -93.7609135321 3
1545 13.2 12.6 13.8 32.5087594451 -93.7449045162 3
64 15.2 14.2 16.1 32.5212193829 -93.8758477824 3
2218 1.4 1.2 1.5 32.4758712764 -93.6904672639 6
2961 5 4.4 5.6 32.5325039668 -93.7598214022 6
947 9.7 8.5 11 32.5154635999 -93.7668483746 6
1111 8.2 7.2 9.3 32.5071877027 -93.7705301786 6
1739 4 3.6 4.4 32.4907069698 -93.7510050373 6
3072 5.7 5.2 6.2 32.496319627 -93.7374536043 6
4575 2.3 2.1 2.5 32.4870921107 -93.7379023149 6
2607 8.2 7.5 8.9 32.4959368955 -93.7208960426 6
2127 3.1 2.8 3.4 32.4871379077 -93.7110670305 6
2360 2.6 2.3 2.8 32.4753776115 -93.7299760217 6
3851 2.8 2.4 3.2 32.4755248094 -93.7465877527 6
2019 8.4 7.7 9.2 32.4759490266 -93.7672087046 6
103 7.9 7 9 32.5398093981 -93.7446296455 6
381 3.7 3.3 4.2 32.4928030013 -93.7106290504 6
1492 7.8 7.1 8.5 32.4871947432 -93.7686246595 6
1451 7.5 6.5 8.6 32.4978391674 -93.7734217466 6
1815 7.8 6.7 8.9 32.5053248574 -93.7871324357 6
5837 6.5 5.8 7.2 32.4937388125 -93.7937313766 6
5400 6.1 5.4 6.8 32.4743809184 -93.8157060939 6
3002 7.9 7 8.7 32.4784229664 -93.7886868661 6
3965 6.2 5.8 6.8 32.4639409031 -93.786406444 6
4983 5.6 5 6.3 32.4632248101 -93.7664773627 6
3118 2.4 2 2.9 32.4618699769 -93.7461686937 6
2326 2.4 2.1 2.8 32.4628640101 -93.7285258821 6
3951 2.2 1.9 2.6 32.4661752083 -93.7158258855 6
4624 2.6 2.3 3 32.4728724873 -93.7011143424 6
4549 3 2.4 3.6 32.4505197595 -93.7175110258 6
1535 4.6 4 5.4 32.4452174296 -93.7373364313 6
1631 5.3 4.8 5.9 32.4480034335 -93.7515610333 6
2028 7.6 7 8.3 32.4489852636 -93.7681813838 6
7095 5.4 4.9 5.9 32.444377596 -93.7910786862 6
3692 9.4 8.2 10.7 32.4569061405 -93.8029647535 6
2973 8.7 7.7 9.8 32.460524931 -93.819266333 6
6597 5.5 5 6.1 32.4336132303 -93.7659933455 6
6377 5.8 5.1 6.6 32.4297570285 -93.7402057558 6
6397 2.7 2.3 3.1 32.4306996476 -93.6974983301 6
2909 4.8 4.1 5.5 32.4055156819 -93.7406361623 6
3095 3.1 2.7 3.6 32.4319665388 -93.722641924 6
4594 2.4 2.1 2.7 32.4173619469 -93.7109080361 6
6816 2.3 2 2.6 32.3645017387 -93.7128197357 6
341 4.6 4 5.2 32.3776436912 -93.7924145868 6
6660 4.7 4.4 5 32.4127737738 -93.7784398009 6
7347 3.4 3.1 3.8 32.3958564955 -93.8256325595 6
4919 3.2 3 3.5 32.4218513113 -93.8041898505 6
6984 3.8 3.4 4.3 32.3902521035 -93.7992865283 6
3601 3.4 3.1 3.7 32.3933269666 -93.7765379004 6
3294 3.2 2.8 3.5 32.4204110774 -93.852509506 6
1440 2.7 2.4 3 32.3993884913 -93.8689407795 6
4950 3.9 3.4 4.3 32.4861944678 -93.8944644135 6
5820 3.9 3.5 4.2 32.438057627 -93.87899565 6
96 2.3 2 2.7 32.4170499875 -93.9170322399 6
4818 3.9 3.5 4.3 32.4890328855 -93.843622662 6
674 3.4 2.9 3.9 32.5838990593 -93.8046238704 6
5197 7.2 6.5 8 32.5562173014 -93.812953912 6
6257 7.2 6.5 8.1 32.5322759516 -93.7981860266 6
1834 3.7 3.2 4.2 32.5696397334 -93.7839552086 6
1127 8.6 7.6 9.8 32.4996110023 -93.7609135321 6
1545 6.2 5.6 6.8 32.5087594451 -93.7449045162 6
64 3.9 3.3 4.5 32.5212193829 -93.8758477824 6
103 6.5 6.1 6.9 32.5398093981 -93.7446296455 7
381 5.4 5.2 5.7 32.4928030013 -93.7106290504 7
2218 2.7 2.6 2.8 32.4758712764 -93.6904672639 7
2961 4.5 4.3 4.8 32.5325039668 -93.7598214022 7
947 7.2 6.8 7.6 32.5154635999 -93.7668483746 7
1111 6.9 6.5 7.2 32.5071877027 -93.7705301786 7
1739 5.2 5.1 5.4 32.4907069698 -93.7510050373 7
3072 5.5 5.3 5.7 32.496319627 -93.7374536043 7
4575 4 3.8 4.2 32.4870921107 -93.7379023149 7
2607 5.9 5.7 6.1 32.4959368955 -93.7208960426 7
2127 6.5 6.2 6.8 32.4871379077 -93.7110670305 7
2360 5.6 5.4 5.7 32.4753776115 -93.7299760217 7
3851 6.5 6.3 6.8 32.4755248094 -93.7465877527 7
2019 6.5 6.2 6.8 32.4759490266 -93.7672087046 7
1492 5.7 5.4 5.9 32.4871947432 -93.7686246595 7
1451 6.4 6.1 6.8 32.4978391674 -93.7734217466 7
1815 7.1 6.7 7.5 32.5053248574 -93.7871324357 7
5837 5.9 5.6 6.2 32.4937388125 -93.7937313766 7
5400 5.2 5 5.4 32.4743809184 -93.8157060939 7
3002 5.2 5 5.4 32.4784229664 -93.7886868661 7
3965 4.4 4.3 4.6 32.4639409031 -93.786406444 7
4983 5.2 5 5.4 32.4632248101 -93.7664773627 7
3118 8.1 7.7 8.6 32.4618699769 -93.7461686937 7
2326 7.2 6.9 7.6 32.4628640101 -93.7285258821 7
3951 6.9 6.6 7.3 32.4661752083 -93.7158258855 7
4624 6 5.7 6.3 32.4728724873 -93.7011143424 7
4549 8.7 8.2 9.2 32.4505197595 -93.7175110258 7
1535 10.4 9.9 11 32.4452174296 -93.7373364313 7
1631 5.1 4.9 5.3 32.4480034335 -93.7515610333 7
2028 5.5 5.3 5.8 32.4489852636 -93.7681813838 7
7095 4.7 4.5 4.9 32.444377596 -93.7910786862 7
3692 6.1 5.7 6.4 32.4569061405 -93.8029647535 7
2973 6.5 6.2 6.9 32.460524931 -93.819266333 7
6597 4.8 4.6 5 32.4336132303 -93.7659933455 7
6377 7.6 7.3 7.9 32.4297570285 -93.7402057558 7
6397 7.4 7 7.7 32.4306996476 -93.6974983301 7
2909 9.8 9.3 10.4 32.4055156819 -93.7406361623 7
3095 7.7 7.3 8.1 32.4319665388 -93.722641924 7
4594 5.6 5.4 5.9 32.4173619469 -93.7109080361 7
6816 7.3 7 7.7 32.3645017387 -93.7128197357 7
341 9.3 8.9 9.8 32.3776436912 -93.7924145868 7
6660 5.7 5.5 5.8 32.4127737738 -93.7784398009 7
7347 6.1 5.8 6.4 32.3958564955 -93.8256325595 7
4919 6.4 6.3 6.6 32.4218513113 -93.8041898505 7
6984 7.8 7.4 8.2 32.3902521035 -93.7992865283 7
3601 7.3 7 7.6 32.3933269666 -93.7765379004 7
3294 4.7 4.6 4.9 32.4204110774 -93.852509506 7
1440 6 5.8 6.3 32.3993884913 -93.8689407795 7
4950 5.6 5.3 5.8 32.4861944678 -93.8944644135 7
5820 5.2 5 5.4 32.438057627 -93.87899565 7
96 5.5 5.2 5.9 32.4170499875 -93.9170322399 7
4818 6.9 6.7 7.2 32.4890328855 -93.843622662 7
674 4.1 3.9 4.3 32.5838990593 -93.8046238704 7
5197 4.4 4.2 4.6 32.5562173014 -93.812953912 7
6257 4.4 4.2 4.7 32.5322759516 -93.7981860266 7
1834 7.6 7.3 8 32.5696397334 -93.7839552086 7
1127 7 6.6 7.4 32.4996110023 -93.7609135321 7
1545 4.9 4.8 5.1 32.5087594451 -93.7449045162 7
64 8.6 8.1 9.2 32.5212193829 -93.8758477824 7
103 12.1 11.1 13.2 32.5398093981 -93.7446296455 8
381 9.6 8.8 10.4 32.4928030013 -93.7106290504 8
2218 8.2 7.6 9.1 32.4758712764 -93.6904672639 8
2961 11.4 10.5 12.6 32.5325039668 -93.7598214022 8
947 11.9 10.8 13 32.5154635999 -93.7668483746 8
1111 11.5 10.6 12.4 32.5071877027 -93.7705301786 8
1739 9.6 9.1 10.2 32.4907069698 -93.7510050373 8
3072 10.4 9.7 11.2 32.496319627 -93.7374536043 8
4575 9.1 8.5 10 32.4870921107 -93.7379023149 8
2607 11.9 11.2 12.6 32.4959368955 -93.7208960426 8
2127 8.3 7.9 8.8 32.4871379077 -93.7110670305 8
2360 8.4 8 8.9 32.4753776115 -93.7299760217 8
3851 8.2 7.7 8.8 32.4755248094 -93.7465877527 8
2019 11.8 11 12.8 32.4759490266 -93.7672087046 8
1492 11.9 11 12.9 32.4871947432 -93.7686246595 8
1451 11.3 10.2 12.4 32.4978391674 -93.7734217466 8
1815 10.9 10.1 11.9 32.5053248574 -93.7871324357 8
5837 11 10.2 11.9 32.4937388125 -93.7937313766 8
5400 11.7 10.8 12.8 32.4743809184 -93.8157060939 8
3002 12.5 11.4 13.7 32.4784229664 -93.7886868661 8
3965 12.3 11.5 13.4 32.4639409031 -93.786406444 8
4983 11.5 10.5 12.7 32.4632248101 -93.7664773627 8
3118 7.3 6.8 8 32.4618699769 -93.7461686937 8
2326 7.5 7 8 32.4628640101 -93.7285258821 8
3951 7.4 7 8 32.4661752083 -93.7158258855 8
4624 8.2 7.8 8.9 32.4728724873 -93.7011143424 8
4549 7.6 7.1 8.3 32.4505197595 -93.7175110258 8
1535 7.9 7.4 8.5 32.4452174296 -93.7373364313 8
1631 11.1 10.2 12 32.4480034335 -93.7515610333 8
2028 11.9 11.2 12.8 32.4489852636 -93.7681813838 8
7095 11.7 10.8 12.8 32.444377596 -93.7910786862 8
3692 12.4 11.3 13.6 32.4569061405 -93.8029647535 8
2973 12.4 11.3 13.8 32.460524931 -93.819266333 8
6597 11.7 10.7 12.8 32.4336132303 -93.7659933455 8
6377 9.8 9.1 10.4 32.4297570285 -93.7402057558 8
6397 7.9 7.4 8.4 32.4306996476 -93.6974983301 8
2909 8.3 7.9 8.8 32.4055156819 -93.7406361623 8
3095 7.9 7.5 8.3 32.4319665388 -93.722641924 8
4594 8.3 7.8 8.9 32.4173619469 -93.7109080361 8
6816 7.3 6.9 7.8 32.3645017387 -93.7128197357 8
341 8.8 8.3 9.5 32.3776436912 -93.7924145868 8
6660 10.6 10.1 11.1 32.4127737738 -93.7784398009 8
7347 9.3 8.8 9.9 32.3958564955 -93.8256325595 8
4919 9 8.7 9.4 32.4218513113 -93.8041898505 8
6984 8.5 8.1 9 32.3902521035 -93.7992865283 8
3601 8.2 7.8 8.5 32.3933269666 -93.7765379004 8
3294 9.8 9.2 10.6 32.4204110774 -93.852509506 8
1440 8.4 8 8.9 32.3993884913 -93.8689407795 8
4950 9.9 9.2 10.7 32.4861944678 -93.8944644135 8
5820 10.1 9.5 10.9 32.438057627 -93.87899565 8
96 8.2 7.5 9.1 32.4170499875 -93.9170322399 8
4818 9 8.5 9.5 32.4890328855 -93.843622662 8
674 11.1 10.1 12.5 32.5838990593 -93.8046238704 8
5197 13.4 12.1 15 32.5562173014 -93.812953912 8
6257 12.1 11 13.3 32.5322759516 -93.7981860266 8
1834 8.4 7.9 8.9 32.5696397334 -93.7839552086 8
1127 11.1 10.2 12 32.4996110023 -93.7609135321 8
1545 10.6 9.9 11.4 32.5087594451 -93.7449045162 8
64 8.4 7.7 9.3 32.5212193829 -93.8758477824 8
103 10.7 9.8 11.8 32.5398093981 -93.7446296455 9
381 7.3 6.6 8 32.4928030013 -93.7106290504 9
2218 2.5 2.3 2.8 32.4758712764 -93.6904672639 9
2961 6.7 6.1 7.4 32.5325039668 -93.7598214022 9
947 13.6 12.2 15 32.5154635999 -93.7668483746 9
1111 11.4 10.3 12.6 32.5071877027 -93.7705301786 9
1739 7.1 6.6 7.7 32.4907069698 -93.7510050373 9
3072 9 8.4 9.7 32.496319627 -93.7374536043 9
4575 4.5 4.1 4.9 32.4870921107 -93.7379023149 9
2607 11 10.3 11.7 32.4959368955 -93.7208960426 9
2127 6.7 6.1 7.4 32.4871379077 -93.7110670305 9
2360 5.4 5 5.9 32.4753776115 -93.7299760217 9
3851 6.1 5.5 6.8 32.4755248094 -93.7465877527 9
2019 12.3 11.4 13.1 32.4759490266 -93.7672087046 9
1492 10.4 9.6 11.2 32.4871947432 -93.7686246595 9
1451 10.2 9 11.3 32.4978391674 -93.7734217466 9
1815 10.7 9.5 12 32.5053248574 -93.7871324357 9
5837 8.9 8.2 9.7 32.4937388125 -93.7937313766 9
5400 8.6 7.9 9.3 32.4743809184 -93.8157060939 9
3002 10.2 9.3 11.1 32.4784229664 -93.7886868661 9
3965 8.1 7.6 8.7 32.4639409031 -93.786406444 9
4983 8 7.3 8.6 32.4632248101 -93.7664773627 9
3118 6.1 5.4 7.1 32.4618699769 -93.7461686937 9
2326 5.8 5.2 6.5 32.4628640101 -93.7285258821 9
3951 5.5 4.9 6.2 32.4661752083 -93.7158258855 9
4624 5.8 5.2 6.4 32.4728724873 -93.7011143424 9
4549 7.4 6.4 8.5 32.4505197595 -93.7175110258 9
1535 10.5 9.3 11.8 32.4452174296 -93.7373364313 9
1631 7.7 7.1 8.3 32.4480034335 -93.7515610333 9
2028 9.9 9.2 10.6 32.4489852636 -93.7681813838 9
7095 7.4 6.8 8 32.444377596 -93.7910786862 9
3692 12 10.8 13.3 32.4569061405 -93.8029647535 9
2973 11.6 10.5 12.8 32.460524931 -93.819266333 9
6597 7.5 6.9 8.1 32.4336132303 -93.7659933455 9
6377 10 9.1 10.9 32.4297570285 -93.7402057558 9
6397 6.3 5.6 7 32.4306996476 -93.6974983301 9
2909 10.3 9.3 11.4 32.4055156819 -93.7406361623 9
3095 7.2 6.4 8 32.4319665388 -93.722641924 9
4594 5.3 4.8 5.9 32.4173619469 -93.7109080361 9
6816 5.6 5.1 6.3 32.3645017387 -93.7128197357 9
341 10.3 9.3 11.5 32.3776436912 -93.7924145868 9
6660 7.8 7.5 8.2 32.4127737738 -93.7784398009 9
7347 6.5 5.9 7 32.3958564955 -93.8256325595 9
4919 6.7 6.3 7.1 32.4218513113 -93.8041898505 9
6984 8.1 7.3 8.9 32.3902521035 -93.7992865283 9
3601 7.6 7 8.2 32.3933269666 -93.7765379004 9
3294 5.3 4.9 5.7 32.4204110774 -93.852509506 9
1440 5.7 5.2 6.3 32.3993884913 -93.8689407795 9
4950 6.4 5.9 7 32.4861944678 -93.8944644135 9
5820 6.5 6.1 7 32.438057627 -93.87899565 9
96 5.2 4.5 6 32.4170499875 -93.9170322399 9
4818 7.8 7.2 8.6 32.4890328855 -93.843622662 9
674 4.8 4.3 5.3 32.5838990593 -93.8046238704 9
5197 8.7 8 9.5 32.5562173014 -93.812953912 9
6257 9.1 8.3 9.9 32.5322759516 -93.7981860266 9
1834 7.9 7.1 8.8 32.5696397334 -93.7839552086 9
1127 12.3 11.1 13.6 32.4996110023 -93.7609135321 9
1545 9.7 8.9 10.5 32.5087594451 -93.7449045162 9
64 9.8 8.4 11 32.5212193829 -93.8758477824 9
103 77 75.8 78.1 32.5398093981 -93.7446296455 10
381 67.6 66.2 68.9 32.4928030013 -93.7106290504 10
2218 65.2 63.8 66.5 32.4758712764 -93.6904672639 10
2961 78.4 77.3 79.5 32.5325039668 -93.7598214022 10
947 81.8 80.9 82.7 32.5154635999 -93.7668483746 10
1111 81.8 81 82.7 32.5071877027 -93.7705301786 10
1739 71.6 70.6 72.4 32.4907069698 -93.7510050373 10
3072 74.3 73.5 75.2 32.496319627 -93.7374536043 10
4575 69 67.8 70.2 32.4870921107 -93.7379023149 10
2607 78.6 77.9 79.2 32.4959368955 -93.7208960426 10
2127 72.5 71.6 73.3 32.4871379077 -93.7110670305 10
2360 70.5 69.6 71.4 32.4753776115 -93.7299760217 10
3851 71.5 70.5 72.3 32.4755248094 -93.7465877527 10
2019 78.2 77.3 79.1 32.4759490266 -93.7672087046 10
1492 78.5 77.4 79.5 32.4871947432 -93.7686246595 10
1451 80.7 79.7 81.6 32.4978391674 -93.7734217466 10
1815 82.2 81.3 83.1 32.5053248574 -93.7871324357 10
5837 80.4 79.4 81.3 32.4937388125 -93.7937313766 10
5400 77.7 76.7 78.7 32.4743809184 -93.8157060939 10
3002 77.8 76.6 78.8 32.4784229664 -93.7886868661 10
3965 76.2 75.2 77.2 32.4639409031 -93.786406444 10
4983 78.1 77.1 79.1 32.4632248101 -93.7664773627 10
3118 74.5 73.5 75.5 32.4618699769 -93.7461686937 10
2326 71.9 70.8 72.9 32.4628640101 -93.7285258821 10
3951 71.6 70.5 72.6 32.4661752083 -93.7158258855 10
4624 70.7 69.5 71.7 32.4728724873 -93.7011143424 10
4549 74.9 74 75.8 32.4505197595 -93.7175110258 10
1535 79.2 78.4 79.9 32.4452174296 -93.7373364313 10
1631 76.8 75.8 77.8 32.4480034335 -93.7515610333 10
2028 79.6 78.8 80.4 32.4489852636 -93.7681813838 10
7095 76.7 75.5 77.8 32.444377596 -93.7910786862 10
3692 80.3 79.2 81.4 32.4569061405 -93.8029647535 10
2973 81 80 82 32.460524931 -93.819266333 10
6597 77.7 76.5 78.8 32.4336132303 -93.7659933455 10
6377 79.2 78.4 79.9 32.4297570285 -93.7402057558 10
6397 73.4 72.5 74.3 32.4306996476 -93.6974983301 10
2909 77 76.4 77.6 32.4055156819 -93.7406361623 10
3095 74.8 73.9 75.6 32.4319665388 -93.722641924 10
4594 71 70 72.1 32.4173619469 -93.7109080361 10
6816 73.4 72.4 74.3 32.3645017387 -93.7128197357 10
341 77.6 76.8 78.4 32.3776436912 -93.7924145868 10
6660 75.3 74.7 75.8 32.4127737738 -93.7784398009 10
7347 74.8 74 75.6 32.3958564955 -93.8256325595 10
4919 75.1 74.5 75.6 32.4218513113 -93.8041898505 10
6984 75.3 74.5 76.1 32.3902521035 -93.7992865283 10
3601 73.7 73 74.4 32.3933269666 -93.7765379004 10
3294 75.9 74.9 76.7 32.4204110774 -93.852509506 10
1440 73.9 73 74.8 32.3993884913 -93.8689407795 10
4950 78.1 77.2 78.9 32.4861944678 -93.8944644135 10
5820 74.8 73.9 75.6 32.438057627 -93.87899565 10
96 68.7 67.2 70 32.4170499875 -93.9170322399 10
4818 76.7 76 77.4 32.4890328855 -93.843622662 10
674 78.1 76.8 79.3 32.5838990593 -93.8046238704 10
5197 77.5 76.1 78.8 32.5562173014 -93.812953912 10
6257 75.4 74.1 76.7 32.5322759516 -93.7981860266 10
1834 75.4 74.7 76.2 32.5696397334 -93.7839552086 10
1127 80.8 80 81.6 32.4996110023 -93.7609135321 10
1545 73.7 72.7 74.7 32.5087594451 -93.7449045162 10
64 75.2 73.9 76.5 32.5212193829 -93.8758477824 10
103 48.2 43.1 53.6 32.5398093981 -93.7446296455 12
381 59.9 55.2 64.1 32.4928030013 -93.7106290504 12
2218 62.1 57.7 66.1 32.4758712764 -93.6904672639 12
2961 53.8 48.7 58.8 32.5325039668 -93.7598214022 12
947 51.4 46.5 56.2 32.5154635999 -93.7668483746 12
1111 54.2 50 58.3 32.5071877027 -93.7705301786 12
1739 54.5 50.7 58.1 32.4907069698 -93.7510050373 12
3072 50.9 47 54.6 32.496319627 -93.7374536043 12
4575 59 54.8 62.8 32.4870921107 -93.7379023149 12
2607 49.6 46.5 52.5 32.4959368955 -93.7208960426 12
2127 64.2 60.8 67.1 32.4871379077 -93.7110670305 12
2360 64.3 61.4 67.1 32.4753776115 -93.7299760217 12
3851 64.7 60.5 68.1 32.4755248094 -93.7465877527 12
2019 48.8 45 52.7 32.4759490266 -93.7672087046 12
1492 48.9 45.2 52.6 32.4871947432 -93.7686246595 12
1451 55 50 59.8 32.4978391674 -93.7734217466 12
1815 56.5 51.5 61.2 32.5053248574 -93.7871324357 12
5837 56 51.5 60.1 32.4937388125 -93.7937313766 12
5400 52.2 47.9 56.6 32.4743809184 -93.8157060939 12
3002 47.7 43.3 52 32.4784229664 -93.7886868661 12
3965 45.9 42.4 49.5 32.4639409031 -93.786406444 12
4983 53.1 48.7 57.4 32.4632248101 -93.7664773627 12
3118 70.2 65 74.1 32.4618699769 -93.7461686937 12
2326 67.9 63.5 71.5 32.4628640101 -93.7285258821 12
3951 68.1 63.5 71.5 32.4661752083 -93.7158258855 12
4624 63.6 59.4 67.3 32.4728724873 -93.7011143424 12
4549 69.9 65.4 73.4 32.4505197595 -93.7175110258 12
1535 65.5 61.4 69 32.4452174296 -93.7373364313 12
1631 52 47.7 56.1 32.4480034335 -93.7515610333 12
2028 50 46.9 53.4 32.4489852636 -93.7681813838 12
7095 49.3 45.2 53.7 32.444377596 -93.7910786862 12
3692 49 43.5 54 32.4569061405 -93.8029647535 12
2973 52.4 47.7 57.1 32.460524931 -93.819266333 12
6597 52.5 48.1 56.5 32.4336132303 -93.7659933455 12
6377 60.2 56.6 63.5 32.4297570285 -93.7402057558 12
6397 68.3 64.2 71.6 32.4306996476 -93.6974983301 12
2909 63.1 60.3 65.7 32.4055156819 -93.7406361623 12
3095 67.3 64 70.3 32.4319665388 -93.722641924 12
4594 64 60 67.8 32.4173619469 -93.7109080361 12
6816 68.7 64.6 72.3 32.3645017387 -93.7128197357 12
341 64.7 60.9 68.6 32.3776436912 -93.7924145868 12
6660 54.9 52.6 57 32.4127737738 -93.7784398009 12
7347 62.2 58.9 65.2 32.3958564955 -93.8256325595 12
4919 64 61.8 66.2 32.4218513113 -93.8041898505 12
6984 63.9 60.5 67 32.3902521035 -93.7992865283 12
3601 64 61.3 66.8 32.3933269666 -93.7765379004 12
3294 60.5 56.8 64 32.4204110774 -93.852509506 12
1440 65.5 62 68.9 32.3993884913 -93.8689407795 12
4950 62.8 58.7 66.6 32.4861944678 -93.8944644135 12
5820 57.6 54.2 60.8 32.438057627 -93.87899565 12
96 60.2 54.1 65.6 32.4170499875 -93.9170322399 12
4818 63.1 60.2 65.8 32.4890328855 -93.843622662 12
674 59.5 54.2 64.3 32.5838990593 -93.8046238704 12
5197 46.5 41.6 51.5 32.5562173014 -93.812953912 12
6257 46.6 41.8 51.4 32.5322759516 -93.7981860266 12
1834 64 60.4 67.3 32.5696397334 -93.7839552086 12
1127 53.9 49.9 58.1 32.4996110023 -93.7609135321 12
1545 46.6 42.4 50.7 32.5087594451 -93.7449045162 12
64 64.4 59.8 68.9 32.5212193829 -93.8758477824 12
103 13 11.3 14.9 32.5398093981 -93.7446296455 13
381 8.8 7.5 10 32.4928030013 -93.7106290504 13
2218 3.7 3.1 4.4 32.4758712764 -93.6904672639 13
2961 8.3 7.2 9.5 32.5325039668 -93.7598214022 13
947 12.9 11.2 14.7 32.5154635999 -93.7668483746 13
1111 11.1 9.5 12.6 32.5071877027 -93.7705301786 13
1739 8.2 7.2 9.2 32.4907069698 -93.7510050373 13
3072 9.9 8.9 11.1 32.496319627 -93.7374536043 13
4575 5.6 4.9 6.4 32.4870921107 -93.7379023149 13
2607 12.2 11.1 13.2 32.4959368955 -93.7208960426 13
2127 6.5 5.7 7.3 32.4871379077 -93.7110670305 13
2360 5.9 5.2 6.6 32.4753776115 -93.7299760217 13
3851 5.9 5 7 32.4755248094 -93.7465877527 13
2019 12.7 11.5 14.1 32.4759490266 -93.7672087046 13
1492 11.9 10.6 13.1 32.4871947432 -93.7686246595 13
1451 10.4 8.8 12.1 32.4978391674 -93.7734217466 13
1815 10.1 8.5 11.8 32.5053248574 -93.7871324357 13
5837 9.5 8.3 10.7 32.4937388125 -93.7937313766 13
5400 10.2 9 11.5 32.4743809184 -93.8157060939 13
3002 12.4 10.9 14 32.4784229664 -93.7886868661 13
3965 10.7 9.8 11.8 32.4639409031 -93.786406444 13
4983 9.2 8.1 10.4 32.4632248101 -93.7664773627 13
3118 5 3.9 6.3 32.4618699769 -93.7461686937 13
2326 5.2 4.4 6.3 32.4628640101 -93.7285258821 13
3951 5.1 4.3 6.1 32.4661752083 -93.7158258855 13
4624 5.9 5 6.9 32.4728724873 -93.7011143424 13
4549 6.1 5 7.6 32.4505197595 -93.7175110258 13
1535 7.9 6.5 9.5 32.4452174296 -93.7373364313 13
1631 9.2 8.1 10.2 32.4480034335 -93.7515610333 13
2028 11 10 12.1 32.4489852636 -93.7681813838 13
7095 9.5 8.5 10.6 32.444377596 -93.7910786862 13
3692 13.1 11 15.2 32.4569061405 -93.8029647535 13
2973 12.4 10.6 14.3 32.460524931 -93.819266333 13
6597 9.2 8.2 10.4 32.4336132303 -93.7659933455 13
6377 9 7.9 10.2 32.4297570285 -93.7402057558 13
6397 5.6 4.7 6.6 32.4306996476 -93.6974983301 13
2909 8.7 7.5 10 32.4055156819 -93.7406361623 13
3095 6.1 5.1 7 32.4319665388 -93.722641924 13
4594 5.5 4.7 6.5 32.4173619469 -93.7109080361 13
6816 5 4.2 6.1 32.3645017387 -93.7128197357 13
341 9.5 8.1 11 32.3776436912 -93.7924145868 13
6660 9.1 8.5 9.7 32.4127737738 -93.7784398009 13
7347 6.9 6.1 7.8 32.3958564955 -93.8256325595 13
4919 6.8 6.3 7.4 32.4218513113 -93.8041898505 13
6984 7.6 6.6 8.6 32.3902521035 -93.7992865283 13
3601 7.1 6.4 7.9 32.3933269666 -93.7765379004 13
3294 6 5.3 6.8 32.4204110774 -93.852509506 13
1440 5.9 5.2 6.8 32.3993884913 -93.8689407795 13
4950 6.7 5.8 7.6 32.4861944678 -93.8944644135 13
5820 7.6 6.8 8.5 32.438057627 -93.87899565 13
96 6.1 4.9 7.4 32.4170499875 -93.9170322399 13
4818 7.4 6.5 8.4 32.4890328855 -93.843622662 13
674 6.1 5.1 7.1 32.5838990593 -93.8046238704 13
5197 11.4 10.1 13 32.5562173014 -93.812953912 13
6257 11.5 10.1 12.9 32.5322759516 -93.7981860266 13
1834 7.3 6.2 8.4 32.5696397334 -93.7839552086 13
1127 11.8 10.3 13.5 32.4996110023 -93.7609135321 13
1545 10.9 9.7 12.1 32.5087594451 -93.7449045162 13
64 9.3 7.6 11.2 32.5212193829 -93.8758477824 13
103 15.7 10.2 22.1 32.5398093981 -93.7446296455 14
381 23.3 17.4 30.4 32.4928030013 -93.7106290504 14
2218 25.5 19.2 32.5 32.4758712764 -93.6904672639 14
2961 20.8 16.7 25.4 32.5325039668 -93.7598214022 14
947 16.9 12.6 22.5 32.5154635999 -93.7668483746 14
1111 18.2 13.6 23.1 32.5071877027 -93.7705301786 14
1739 25.2 20.4 29.9 32.4907069698 -93.7510050373 14
3072 21.2 17.4 25.4 32.496319627 -93.7374536043 14
4575 29 23.9 34.3 32.4870921107 -93.7379023149 14
2607 17.7 14.9 20.8 32.4959368955 -93.7208960426 14
2127 31.6 25.1 38.7 32.4871379077 -93.7110670305 14
2360 30.8 26 36 32.4753776115 -93.7299760217 14
3851 33.2 27.7 38.7 32.4755248094 -93.7465877527 14
2019 18.4 14.9 22.8 32.4759490266 -93.7672087046 14
1492 17.5 14 21.3 32.4871947432 -93.7686246595 14
1451 18.2 13.4 23.7 32.4978391674 -93.7734217466 14
1815 19.2 14.3 24.4 32.5053248574 -93.7871324357 14
5837 19.3 15.2 24.2 32.4937388125 -93.7937313766 14
5400 19.6 15.7 23.9 32.4743809184 -93.8157060939 14
3002 16.4 12.7 20.9 32.4784229664 -93.7886868661 14
3965 17.6 14.6 21.2 32.4639409031 -93.786406444 14
4983 19.7 15.9 23.9 32.4632248101 -93.7664773627 14
3118 38.8 30.7 46.3 32.4618699769 -93.7461686937 14
2326 36.6 29.2 44.1 32.4628640101 -93.7285258821 14
3951 36.9 29.4 44.1 32.4661752083 -93.7158258855 14
4624 32.5 25.6 39.3 32.4728724873 -93.7011143424 14
4549 36.3 28.8 43.4 32.4505197595 -93.7175110258 14
1535 32.7 26.5 38.8 32.4452174296 -93.7373364313 14
1631 20.2 16.2 25 32.4480034335 -93.7515610333 14
2028 16.7 13.5 20.2 32.4489852636 -93.7681813838 14
7095 21.1 17.2 25 32.444377596 -93.7910786862 14
3692 15.6 11 21.1 32.4569061405 -93.8029647535 14
2973 16.7 12.3 22.1 32.460524931 -93.819266333 14
6597 19.6 15.9 23.8 32.4336132303 -93.7659933455 14
6377 24.5 20.3 29.4 32.4297570285 -93.7402057558 14
6397 35.4 28 42.2 32.4306996476 -93.6974983301 14
2909 30.7 26.1 36 32.4055156819 -93.7406361623 14
3095 33.9 27.3 40.9 32.4319665388 -93.722641924 14
4594 33.4 26.8 40 32.4173619469 -93.7109080361 14
6816 36.8 30.3 43.3 32.3645017387 -93.7128197357 14
341 31.1 24.6 38.4 32.3776436912 -93.7924145868 14
6660 25.2 21.6 28.8 32.4127737738 -93.7784398009 14
7347 29.9 24.2 35.8 32.3958564955 -93.8256325595 14
4919 31.3 27 35.8 32.4218513113 -93.8041898505 14
6984 31.3 25.2 37.6 32.3902521035 -93.7992865283 14
3601 32.3 27 38.4 32.3933269666 -93.7765379004 14
3294 27.4 22.6 32.7 32.4204110774 -93.852509506 14
1440 32.1 25 39.4 32.3993884913 -93.8689407795 14
4950 26.3 21.5 31.5 32.4861944678 -93.8944644135 14
5820 26.7 21.9 32.1 32.438057627 -93.87899565 14
96 30.5 20.6 41.1 32.4170499875 -93.9170322399 14
4818 30 24.4 35.9 32.4890328855 -93.843622662 14
674 25.1 19.2 31.6 32.5838990593 -93.8046238704 14
5197 15.2 11.1 19.7 32.5562173014 -93.812953912 14
6257 15.1 10.8 20 32.5322759516 -93.7981860266 14
1834 31.3 24.9 37.7 32.5696397334 -93.7839552086 14
1127 17.4 13 22.4 32.4996110023 -93.7609135321 14
1545 19.6 15.6 24.3 32.5087594451 -93.7449045162 14
64 29.8 20.9 39.7 32.5212193829 -93.8758477824 14
103 16.3 12.2 21 32.5398093981 -93.7446296455 15
381 26.1 20.4 32.7 32.4928030013 -93.7106290504 15
2218 29.1 22.9 35 32.4758712764 -93.6904672639 15
2961 23.2 19.3 27.4 32.5325039668 -93.7598214022 15
947 18.8 14.4 23.6 32.5154635999 -93.7668483746 15
1111 20.9 16.8 25.5 32.5071877027 -93.7705301786 15
1739 25.8 21.8 30.1 32.4907069698 -93.7510050373 15
3072 21.8 18.3 25.6 32.496319627 -93.7374536043 15
4575 31.1 26.3 36.1 32.4870921107 -93.7379023149 15
2607 18.8 16.1 21.7 32.4959368955 -93.7208960426 15
2127 32.9 27.9 37.7 32.4871379077 -93.7110670305 15
2360 33.4 29.1 37.7 32.4753776115 -93.7299760217 15
3851 33.4 28.7 38.1 32.4755248094 -93.7465877527 15
2019 18.9 15.7 22.3 32.4759490266 -93.7672087046 15
1492 18.9 15.8 22.4 32.4871947432 -93.7686246595 15
1451 20.7 16.3 25.5 32.4978391674 -93.7734217466 15
1815 22.1 17.4 27.2 32.5053248574 -93.7871324357 15
5837 22.6 18.6 26.8 32.4937388125 -93.7937313766 15
5400 22.2 18.9 26 32.4743809184 -93.8157060939 15
3002 18.7 15.1 22.7 32.4784229664 -93.7886868661 15
3965 20 17.1 23.1 32.4639409031 -93.786406444 15
4983 22.4 18.6 26.7 32.4632248101 -93.7664773627 15
3118 40.1 33.8 46.4 32.4618699769 -93.7461686937 15
2326 37.6 31.6 43.7 32.4628640101 -93.7285258821 15
3951 39.1 33.2 45.1 32.4661752083 -93.7158258855 15
4624 33.9 28.5 39.3 32.4728724873 -93.7011143424 15
4549 37.2 31.1 43.3 32.4505197595 -93.7175110258 15
1535 33 27.5 38 32.4452174296 -93.7373364313 15
1631 23.5 19.9 26.9 32.4480034335 -93.7515610333 15
2028 19.1 16.1 22.2 32.4489852636 -93.7681813838 15
7095 22.7 19.4 26.4 32.444377596 -93.7910786862 15
3692 18 13.9 22.9 32.4569061405 -93.8029647535 15
2973 19.9 15.8 24.6 32.460524931 -93.819266333 15
6597 22.5 19 26.2 32.4336132303 -93.7659933455 15
6377 25.9 21.8 30.3 32.4297570285 -93.7402057558 15
6397 36 30 41.7 32.4306996476 -93.6974983301 15
2909 29.5 24.7 34.5 32.4055156819 -93.7406361623 15
3095 34.6 29.1 40.1 32.4319665388 -93.722641924 15
4594 35 29.2 40.6 32.4173619469 -93.7109080361 15
6816 37.7 32.2 42.7 32.3645017387 -93.7128197357 15
341 33.8 28.1 39.4 32.3776436912 -93.7924145868 15
6660 26.1 23.3 29.2 32.4127737738 -93.7784398009 15
7347 30.5 25.8 35.5 32.3958564955 -93.8256325595 15
4919 34.4 30.5 38.2 32.4218513113 -93.8041898505 15
6984 31.6 26.7 37.6 32.3902521035 -93.7992865283 15
3601 34.2 29.6 39.4 32.3933269666 -93.7765379004 15
3294 31.6 27.1 36.2 32.4204110774 -93.852509506 15
1440 36.3 30.8 42.1 32.3993884913 -93.8689407795 15
4950 29.3 25.4 33.4 32.4861944678 -93.8944644135 15
5820 28.2 23.9 32.1 32.438057627 -93.87899565 15
96 37.3 28.6 46.4 32.4170499875 -93.9170322399 15
4818 31.7 26.7 36.6 32.4890328855 -93.843622662 15
674 28.5 24.1 33.2 32.5838990593 -93.8046238704 15
5197 17.6 13.5 22.3 32.5562173014 -93.812953912 15
6257 17.5 13.7 22.1 32.5322759516 -93.7981860266 15
1834 33 27.7 38.4 32.5696397334 -93.7839552086 15
1127 20.3 15.9 25 32.4996110023 -93.7609135321 15
1545 20.1 16.7 23.9 32.5087594451 -93.7449045162 15
64 37 29.6 44.9 32.5212193829 -93.8758477824 15
103 31 27.6 34.5 32.5398093981 -93.7446296455 16
381 26.6 22.5 30.4 32.4928030013 -93.7106290504 16
2218 19.4 15.3 23.3 32.4758712764 -93.6904672639 16
2961 27.5 23.8 31.3 32.5325039668 -93.7598214022 16
947 28.1 24.8 31 32.5154635999 -93.7668483746 16
1111 25.5 22.2 29 32.5071877027 -93.7705301786 16
1739 24.8 21.4 27.8 32.4907069698 -93.7510050373 16
3072 27.8 24.8 30.7 32.496319627 -93.7374536043 16
4575 21.6 18.3 24.9 32.4870921107 -93.7379023149 16
2607 29.8 27.4 32.1 32.4959368955 -93.7208960426 16
2127 19.4 17.1 21.8 32.4871379077 -93.7110670305 16
2360 19.8 17.3 22.4 32.4753776115 -93.7299760217 16
3851 16.4 13.6 19.7 32.4755248094 -93.7465877527 16
2019 30.1 27.5 32.9 32.4759490266 -93.7672087046 16
1492 31.5 28.4 34.4 32.4871947432 -93.7686246595 16
1451 26 22.4 29.5 32.4978391674 -93.7734217466 16
1815 23.3 19.8 26.8 32.5053248574 -93.7871324357 16
5837 25.5 22.4 28.6 32.4937388125 -93.7937313766 16
5400 29.2 25.5 32.5 32.4743809184 -93.8157060939 16
3002 33.6 29.7 37.1 32.4784229664 -93.7886868661 16
3965 34.1 31.2 37.1 32.4639409031 -93.786406444 16
4983 28.4 24.6 31.8 32.4632248101 -93.7664773627 16
3118 12.4 9.4 16 32.4618699769 -93.7461686937 16
2326 15.2 12.1 18.5 32.4628640101 -93.7285258821 16
3951 15.3 12.2 18.6 32.4661752083 -93.7158258855 16
4624 18.4 15.2 21.8 32.4728724873 -93.7011143424 16
4549 14.7 12 17.8 32.4505197595 -93.7175110258 16
1535 14.1 11.4 16.9 32.4452174296 -93.7373364313 16
1631 28.2 24.7 31.2 32.4480034335 -93.7515610333 16
2028 29.6 26.9 32.3 32.4489852636 -93.7681813838 16
7095 30.3 27 33.6 32.444377596 -93.7910786862 16
3692 30.4 26.1 34.6 32.4569061405 -93.8029647535 16
2973 28.4 24.8 32.2 32.460524931 -93.819266333 16
6597 29.2 25.7 32.5 32.4336132303 -93.7659933455 16
6377 20.9 18.3 23.4 32.4297570285 -93.7402057558 16
6397 15 12.3 17.9 32.4306996476 -93.6974983301 16
2909 17.5 15.6 19.3 32.4055156819 -93.7406361623 16
3095 15.2 12.8 17.6 32.4319665388 -93.722641924 16
4594 18.3 15.4 21.3 32.4173619469 -93.7109080361 16
6816 14.4 11.6 17.6 32.3645017387 -93.7128197357 16
341 20.2 17.4 23 32.3776436912 -93.7924145868 16
6660 27.1 25.4 28.8 32.4127737738 -93.7784398009 16
7347 21.5 18.8 24.1 32.3958564955 -93.8256325595 16
4919 21.1 19.5 22.7 32.4218513113 -93.8041898505 16
6984 19.2 16.9 21.7 32.3902521035 -93.7992865283 16
3601 19.7 17.6 21.8 32.3933269666 -93.7765379004 16
3294 22 18.9 24.9 32.4204110774 -93.852509506 16
1440 19.1 16.5 21.7 32.3993884913 -93.8689407795 16
4950 21 18 23.9 32.4861944678 -93.8944644135 16
5820 24 21.2 26.9 32.438057627 -93.87899565 16
96 22.5 18.2 26.7 32.4170499875 -93.9170322399 16
4818 19.8 17.4 22.3 32.4890328855 -93.843622662 16
674 22.7 18.4 27 32.5838990593 -93.8046238704 16
5197 33.5 29.5 37.5 32.5562173014 -93.812953912 16
6257 34.9 31.1 38.7 32.5322759516 -93.7981860266 16
1834 18.7 16 21.4 32.5696397334 -93.7839552086 16
1127 27.3 24.4 30.5 32.4996110023 -93.7609135321 16
1545 31.5 28.2 34.5 32.5087594451 -93.7449045162 16
64 20.7 16.8 24.5 32.5212193829 -93.8758477824 16
103 34.5 30.2 38.7 32.5398093981 -93.7446296455 17
381 47.6 43 52.6 32.4928030013 -93.7106290504 17
2218 59.8 54.4 65 32.4758712764 -93.6904672639 17
2961 39.7 35 44.5 32.5325039668 -93.7598214022 17
947 33 29 37.4 32.5154635999 -93.7668483746 17
1111 38 33.7 42.7 32.5071877027 -93.7705301786 17
1739 46.9 43.3 50.8 32.4907069698 -93.7510050373 17
3072 39.5 36.1 42.9 32.496319627 -93.7374536043 17
4575 55.9 51.2 60.4 32.4870921107 -93.7379023149 17
2607 31.8 29.2 34.4 32.4959368955 -93.7208960426 17
2127 58.8 55.5 62 32.4871379077 -93.7110670305 17
2360 60.8 57.5 64.1 32.4753776115 -93.7299760217 17
3851 63.4 59.4 67 32.4755248094 -93.7465877527 17
2019 31.6 28.4 35.1 32.4759490266 -93.7672087046 17
1492 30.2 27.3 33.7 32.4871947432 -93.7686246595 17
1451 37.7 33 42.6 32.4978391674 -93.7734217466 17
1815 40.4 35.6 45.6 32.5053248574 -93.7871324357 17
5837 39.5 35.5 43.7 32.4937388125 -93.7937313766 17
5400 36.1 32.1 40.5 32.4743809184 -93.8157060939 17
3002 28.4 24.8 32.7 32.4784229664 -93.7886868661 17
3965 29.6 26.4 32.8 32.4639409031 -93.786406444 17
4983 38.1 34 42.5 32.4632248101 -93.7664773627 17
3118 74.4 69.8 78.4 32.4618699769 -93.7461686937 17
2326 70.1 65.7 73.9 32.4628640101 -93.7285258821 17
3951 70.5 66.1 74.4 32.4661752083 -93.7158258855 17
4624 61.6 57.1 65.7 32.4728724873 -93.7011143424 17
4549 68.9 64.3 72.9 32.4505197595 -93.7175110258 17
1535 64.8 60 69 32.4452174296 -93.7373364313 17
1631 39 35.2 43.3 32.4480034335 -93.7515610333 17
2028 32.8 30.1 36.1 32.4489852636 -93.7681813838 17
7095 34.9 30.9 39 32.444377596 -93.7910786862 17
3692 29.9 25.6 34.8 32.4569061405 -93.8029647535 17
2973 33 28.6 38 32.460524931 -93.819266333 17
6597 36.3 32.1 40.4 32.4336132303 -93.7659933455 17
6377 49 45 53 32.4297570285 -93.7402057558 17
6397 66.8 62.8 70.2 32.4306996476 -93.6974983301 17
2909 59.1 55.6 62.5 32.4055156819 -93.7406361623 17
3095 65 61.6 68.2 32.4319665388 -93.722641924 17
4594 62.5 58.3 66.5 32.4173619469 -93.7109080361 17
6816 72.4 68.8 75.8 32.3645017387 -93.7128197357 17
341 57 53.3 61.1 32.3776436912 -93.7924145868 17
6660 42.2 40.1 44.6 32.4127737738 -93.7784398009 17
7347 54.8 51.5 58.4 32.3958564955 -93.8256325595 17
4919 57.1 54.8 59.5 32.4218513113 -93.8041898505 17
6984 58.3 54.5 61.7 32.3902521035 -93.7992865283 17
3601 59 56.2 62.1 32.3933269666 -93.7765379004 17
3294 52.6 48.6 56.6 32.4204110774 -93.852509506 17
1440 62.9 59.1 66.4 32.3993884913 -93.8689407795 17
4950 53.4 49.4 57.7 32.4861944678 -93.8944644135 17
5820 48 44.4 51.5 32.438057627 -93.87899565 17
96 60.9 55.1 66.3 32.4170499875 -93.9170322399 17
4818 56.1 52.6 59.5 32.4890328855 -93.843622662 17
674 49 43.3 54.8 32.5838990593 -93.8046238704 17
5197 27.5 23.2 32 32.5562173014 -93.812953912 17
6257 27 23.3 31.1 32.5322759516 -93.7981860266 17
1834 59.7 56.1 63.3 32.5696397334 -93.7839552086 17
1127 35.8 31.9 40.1 32.4996110023 -93.7609135321 17
1545 34.7 31.3 38.6 32.5087594451 -93.7449045162 17
64 61.9 56 67.4 32.5212193829 -93.8758477824 17
103 21.3 19.8 22.8 32.5398093981 -93.7446296455 18
381 10.9 10.1 11.7 32.4928030013 -93.7106290504 18
2218 5.1 4.7 5.5 32.4758712764 -93.6904672639 18
2961 16.4 15.3 17.6 32.5325039668 -93.7598214022 18
947 26.1 24.5 27.7 32.5154635999 -93.7668483746 18
1111 23.9 22.3 25.5 32.5071877027 -93.7705301786 18
1739 12.2 11.5 13 32.4907069698 -93.7510050373 18
3072 16.8 15.9 17.8 32.496319627 -93.7374536043 18
4575 7.9 7.4 8.4 32.4870921107 -93.7379023149 18
2607 23.1 22.1 24 32.4959368955 -93.7208960426 18
2127 9.8 9.2 10.5 32.4871379077 -93.7110670305 18
2360 8.4 7.9 9 32.4753776115 -93.7299760217 18
3851 8.4 7.8 9.1 32.4755248094 -93.7465877527 18
2019 22 21 23.1 32.4759490266 -93.7672087046 18
1492 21.6 20.5 22.7 32.4871947432 -93.7686246595 18
1451 22 20.4 23.6 32.4978391674 -93.7734217466 18
1815 22.8 21 24.5 32.5053248574 -93.7871324357 18
5837 20.3 19.1 21.6 32.4937388125 -93.7937313766 18
5400 18.6 17.4 19.8 32.4743809184 -93.8157060939 18
3002 22 20.6 23.2 32.4784229664 -93.7886868661 18
3965 18.2 17.4 19.1 32.4639409031 -93.786406444 18
4983 17.4 16.3 18.4 32.4632248101 -93.7664773627 18
3118 7.9 7.1 8.8 32.4618699769 -93.7461686937 18
2326 7.5 6.8 8.3 32.4628640101 -93.7285258821 18
3951 7.3 6.6 8 32.4661752083 -93.7158258855 18
4624 8.1 7.4 8.8 32.4728724873 -93.7011143424 18
4549 9.1 8.1 10.2 32.4505197595 -93.7175110258 18
1535 13.7 12.4 14.9 32.4452174296 -93.7373364313 18
1631 16.6 15.6 17.6 32.4480034335 -93.7515610333 18
2028 22.1 21 23.1 32.4489852636 -93.7681813838 18
7095 16.2 15.3 17.2 32.444377596 -93.7910786862 18
3692 25.7 23.9 27.5 32.4569061405 -93.8029647535 18
2973 24.5 23 26.1 32.460524931 -93.819266333 18
6597 17 16 18 32.4336132303 -93.7659933455 18
6377 17.5 16.2 18.6 32.4297570285 -93.7402057558 18
6397 8.4 7.6 9.1 32.4306996476 -93.6974983301 18
2909 12.8 11.8 13.7 32.4055156819 -93.7406361623 18
3095 9.7 8.9 10.4 32.4319665388 -93.722641924 18
4594 7.9 7.3 8.6 32.4173619469 -93.7109080361 18
6816 7.8 7.1 8.6 32.3645017387 -93.7128197357 18
341 14 12.9 15.2 32.3776436912 -93.7924145868 18
6660 14.1 13.6 14.6 32.4127737738 -93.7784398009 18
7347 10.9 10.3 11.6 32.3958564955 -93.8256325595 18
4919 10.8 10.3 11.2 32.4218513113 -93.8041898505 18
6984 11.6 10.7 12.4 32.3902521035 -93.7992865283 18
3601 10.7 10.1 11.4 32.3933269666 -93.7765379004 18
3294 11 10.3 11.7 32.4204110774 -93.852509506 18
1440 9.5 8.8 10.2 32.3993884913 -93.8689407795 18
4950 13.7 12.7 14.8 32.4861944678 -93.8944644135 18
5820 12.6 11.8 13.3 32.438057627 -93.87899565 18
96 7.8 6.9 8.7 32.4170499875 -93.9170322399 18
4818 12.7 11.9 13.6 32.4890328855 -93.843622662 18
674 12 11 13 32.5838990593 -93.8046238704 18
5197 19.9 18.8 21.1 32.5562173014 -93.812953912 18
6257 20.1 19 21.3 32.5322759516 -93.7981860266 18
1834 11.7 10.8 12.6 32.5696397334 -93.7839552086 18
1127 24.6 23 26.3 32.4996110023 -93.7609135321 18
1545 18.5 17.3 19.6 32.5087594451 -93.7449045162 18
64 12.8 11.4 14.1 32.5212193829 -93.8758477824 18
103 5.5 5 6 32.5398093981 -93.7446296455 20
381 3.1 2.9 3.4 32.4928030013 -93.7106290504 20
2218 1.6 1.5 1.7 32.4758712764 -93.6904672639 20
2961 3.8 3.5 4.1 32.5325039668 -93.7598214022 20
947 6.2 5.7 6.8 32.5154635999 -93.7668483746 20
1111 5.6 5.2 6.1 32.5071877027 -93.7705301786 20
1739 3.4 3.2 3.6 32.4907069698 -93.7510050373 20
3072 4.2 4 4.5 32.496319627 -93.7374536043 20
4575 2.2 2.1 2.3 32.4870921107 -93.7379023149 20
2607 5.7 5.4 6 32.4959368955 -93.7208960426 20
2127 2.8 2.6 3 32.4871379077 -93.7110670305 20
2360 2.4 2.3 2.6 32.4753776115 -93.7299760217 20
3851 2.7 2.5 2.9 32.4755248094 -93.7465877527 20
2019 5.7 5.3 6 32.4759490266 -93.7672087046 20
1492 5.3 5 5.7 32.4871947432 -93.7686246595 20
1451 5.2 4.7 5.7 32.4978391674 -93.7734217466 20
1815 5.5 5 6 32.5053248574 -93.7871324357 20
5837 4.7 4.4 5 32.4937388125 -93.7937313766 20
5400 4.4 4.1 4.7 32.4743809184 -93.8157060939 20
3002 5.3 4.9 5.7 32.4784229664 -93.7886868661 20
3965 4.4 4.2 4.7 32.4639409031 -93.786406444 20
4983 4.1 3.8 4.4 32.4632248101 -93.7664773627 20
3118 2.4 2.2 2.7 32.4618699769 -93.7461686937 20
2326 2.4 2.2 2.6 32.4628640101 -93.7285258821 20
3951 2.3 2.1 2.5 32.4661752083 -93.7158258855 20
4624 2.5 2.3 2.7 32.4728724873 -93.7011143424 20
4549 2.8 2.5 3.1 32.4505197595 -93.7175110258 20
1535 4 3.7 4.4 32.4452174296 -93.7373364313 20
1631 4 3.7 4.2 32.4480034335 -93.7515610333 20
2028 5.2 4.9 5.5 32.4489852636 -93.7681813838 20
7095 4 3.8 4.3 32.444377596 -93.7910786862 20
3692 6.2 5.7 6.8 32.4569061405 -93.8029647535 20
2973 5.9 5.4 6.4 32.460524931 -93.819266333 20
6597 4.1 3.8 4.4 32.4336132303 -93.7659933455 20
6377 4.4 4.1 4.7 32.4297570285 -93.7402057558 20
6397 2.6 2.4 2.8 32.4306996476 -93.6974983301 20
2909 4 3.7 4.3 32.4055156819 -93.7406361623 20
3095 2.9 2.7 3.1 32.4319665388 -93.722641924 20
4594 2.3 2.2 2.5 32.4173619469 -93.7109080361 20
6816 2.3 2.1 2.5 32.3645017387 -93.7128197357 20
341 3.8 3.5 4.1 32.3776436912 -93.7924145868 20
6660 3.7 3.6 3.8 32.4127737738 -93.7784398009 20
7347 3 2.8 3.2 32.3958564955 -93.8256325595 20
4919 2.9 2.8 3 32.4218513113 -93.8041898505 20
6984 3.3 3.1 3.6 32.3902521035 -93.7992865283 20
3601 3 2.9 3.2 32.3933269666 -93.7765379004 20
3294 2.8 2.6 2.9 32.4204110774 -93.852509506 20
1440 2.5 2.3 2.7 32.3993884913 -93.8689407795 20
4950 3.2 3 3.4 32.4861944678 -93.8944644135 20
5820 3.3 3.1 3.5 32.438057627 -93.87899565 20
96 2.3 2.1 2.5 32.4170499875 -93.9170322399 20
4818 3.3 3.2 3.6 32.4890328855 -93.843622662 20
674 2.8 2.6 3.1 32.5838990593 -93.8046238704 20
5197 5 4.7 5.4 32.5562173014 -93.812953912 20
6257 5 4.6 5.3 32.5322759516 -93.7981860266 20
1834 3.2 3 3.5 32.5696397334 -93.7839552086 20
1127 5.8 5.3 6.3 32.4996110023 -93.7609135321 20
1545 4.4 4.2 4.7 32.5087594451 -93.7449045162 20
64 3.3 3 3.7 32.5212193829 -93.8758477824 20
103 45.9 42.2 49.5 32.5398093981 -93.7446296455 21
381 31.6 28.1 34.7 32.4928030013 -93.7106290504 21
2218 20.8 17.9 23.8 32.4758712764 -93.6904672639 21
2961 37 33.3 40.7 32.5325039668 -93.7598214022 21
947 46.2 42.6 49.5 32.5154635999 -93.7668483746 21
1111 41.4 37.6 45.2 32.5071877027 -93.7705301786 21
1739 30.7 27.7 33.4 32.4907069698 -93.7510050373 21
3072 37.1 34.4 40 32.496319627 -93.7374536043 21
4575 23.5 21 26.5 32.4870921107 -93.7379023149 21
2607 44.3 41.7 46.7 32.4959368955 -93.7208960426 21
2127 24.9 22.8 27.2 32.4871379077 -93.7110670305 21
2360 22.5 20.5 24.5 32.4753776115 -93.7299760217 21
3851 20.9 18.5 23.5 32.4755248094 -93.7465877527 21
2019 45.2 42.3 48.1 32.4759490266 -93.7672087046 21
1492 45.8 42.7 48.6 32.4871947432 -93.7686246595 21
1451 41 36.8 44.9 32.4978391674 -93.7734217466 21
1815 39.7 35.7 43.6 32.5053248574 -93.7871324357 21
5837 38.7 35.3 41.8 32.4937388125 -93.7937313766 21
5400 40 36.2 43.4 32.4743809184 -93.8157060939 21
3002 46.4 42.7 49.8 32.4784229664 -93.7886868661 21
3965 44 41 46.8 32.4639409031 -93.786406444 21
4983 38.9 35.4 42.1 32.4632248101 -93.7664773627 21
3118 16.9 14.1 20 32.4618699769 -93.7461686937 21
2326 18.5 16 21.3 32.4628640101 -93.7285258821 21
3951 18 15.6 20.8 32.4661752083 -93.7158258855 21
4624 21.8 19.3 24.6 32.4728724873 -93.7011143424 21
4549 21 17.8 24.4 32.4505197595 -93.7175110258 21
1535 25.3 21.8 28.7 32.4452174296 -93.7373364313 21
1631 37.7 34.3 40.6 32.4480034335 -93.7515610333 21
2028 43.6 40.9 46.3 32.4489852636 -93.7681813838 21
7095 40.1 36.9 43.3 32.444377596 -93.7910786862 21
3692 46.6 42.2 50.9 32.4569061405 -93.8029647535 21
2973 45.1 41.1 48.9 32.460524931 -93.819266333 21
6597 39.2 35.6 42.6 32.4336132303 -93.7659933455 21
6377 33.7 30.5 36.7 32.4297570285 -93.7402057558 21
6397 20.5 18 23.3 32.4306996476 -93.6974983301 21
2909 28.9 26 31.7 32.4055156819 -93.7406361623 21
3095 22 19.6 24.4 32.4319665388 -93.722641924 21
4594 21.6 19.2 24.2 32.4173619469 -93.7109080361 21
6816 18.1 15.7 20.8 32.3645017387 -93.7128197357 21
341 29.7 26.5 32.7 32.3776436912 -93.7924145868 21
6660 35.3 33.6 37 32.4127737738 -93.7784398009 21
7347 27.4 24.8 29.9 32.3958564955 -93.8256325595 21
4919 26.5 24.9 28.1 32.4218513113 -93.8041898505 21
6984 26.9 24.2 29.4 32.3902521035 -93.7992865283 21
3601 25.8 23.7 28 32.3933269666 -93.7765379004 21
3294 27.3 24.5 30.1 32.4204110774 -93.852509506 21
1440 22.7 20.4 25.1 32.3993884913 -93.8689407795 21
4950 28.4 25.3 31.3 32.4861944678 -93.8944644135 21
5820 30.5 28 33.2 32.438057627 -93.87899565 21
96 22.8 19.2 26.4 32.4170499875 -93.9170322399 21
4818 27.3 25 29.8 32.4890328855 -93.843622662 21
674 29.4 25.2 33.5 32.5838990593 -93.8046238704 21
5197 45.8 41.9 49.9 32.5562173014 -93.812953912 21
6257 45.2 41.6 48.9 32.5322759516 -93.7981860266 21
1834 25.6 22.8 28.3 32.5696397334 -93.7839552086 21
1127 43.3 39.8 46.9 32.4996110023 -93.7609135321 21
1545 39.8 36.6 42.7 32.5087594451 -93.7449045162 21
64 26.7 22.6 30.6 32.5212193829 -93.8758477824 21
103 81.6 77.2 84.8 32.5398093981 -93.7446296455 22
381 75.6 70.7 79.9 32.4928030013 -93.7106290504 22
2218 80.8 77.2 83.8 32.4758712764 -93.6904672639 22
2961 84.8 81.8 87.8 32.5325039668 -93.7598214022 22
947 83.2 80 86.2 32.5154635999 -93.7668483746 22
1111 83.4 80.4 86.2 32.5071877027 -93.7705301786 22
1739 81.8 79.1 84.3 32.4907069698 -93.7510050373 22
3072 82.3 79.8 84.5 32.496319627 -93.7374536043 22
4575 81.4 78.2 84.1 32.4870921107 -93.7379023149 22
2607 83.4 81.3 85.1 32.4959368955 -93.7208960426 22
2127 80.1 77 82.7 32.4871379077 -93.7110670305 22
2360 81.1 78.5 83.5 32.4753776115 -93.7299760217 22
3851 81.3 77.5 83.9 32.4755248094 -93.7465877527 22
2019 81.8 79.1 84.1 32.4759490266 -93.7672087046 22
1492 82.4 79.5 84.8 32.4871947432 -93.7686246595 22
1451 83.8 80.4 86.7 32.4978391674 -93.7734217466 22
1815 84.3 81.1 87.1 32.5053248574 -93.7871324357 22
5837 84.7 82 87.1 32.4937388125 -93.7937313766 22
5400 83 80 85.5 32.4743809184 -93.8157060939 22
3002 83 79.9 85.9 32.4784229664 -93.7886868661 22
3965 82.8 80.3 85.1 32.4639409031 -93.786406444 22
4983 83 80 85.5 32.4632248101 -93.7664773627 22
3118 81.4 76.8 84.6 32.4618699769 -93.7461686937 22
2326 80.6 77 83.7 32.4628640101 -93.7285258821 22
3951 80.4 76.8 83.8 32.4661752083 -93.7158258855 22
4624 80.5 76.8 83.6 32.4728724873 -93.7011143424 22
4549 79.4 75.4 82.9 32.4505197595 -93.7175110258 22
1535 80.9 77.4 83.8 32.4452174296 -93.7373364313 22
1631 82.7 80.1 85.2 32.4480034335 -93.7515610333 22
2028 84.1 81.8 86.2 32.4489852636 -93.7681813838 22
7095 83 80.2 85.6 32.444377596 -93.7910786862 22
3692 83.8 80.4 86.9 32.4569061405 -93.8029647535 22
2973 83.2 80 86.2 32.460524931 -93.819266333 22
6597 83.3 80.5 85.5 32.4336132303 -93.7659933455 22
6377 82.3 79.7 84.7 32.4297570285 -93.7402057558 22
6397 80.3 76.5 83.4 32.4306996476 -93.6974983301 22
2909 80 77.7 82.3 32.4055156819 -93.7406361623 22
3095 80.5 77.5 83.3 32.4319665388 -93.722641924 22
4594 80.3 76.5 83.2 32.4173619469 -93.7109080361 22
6816 81.1 77.7 84 32.3645017387 -93.7128197357 22
341 78.8 75.5 82 32.3776436912 -93.7924145868 22
6660 80.4 78.8 81.9 32.4127737738 -93.7784398009 22
7347 81 78.5 83.4 32.3958564955 -93.8256325595 22
4919 79.4 77.3 81.3 32.4218513113 -93.8041898505 22
6984 79.9 76.9 82.7 32.3902521035 -93.7992865283 22
3601 79.5 76.9 82.2 32.3933269666 -93.7765379004 22
3294 83.1 80.3 85.5 32.4204110774 -93.852509506 22
1440 81 78.1 83.5 32.3993884913 -93.8689407795 22
4950 84.2 81.7 86.5 32.4861944678 -93.8944644135 22
5820 82.3 80 84.6 32.438057627 -93.87899565 22
96 81.1 76.3 85.3 32.4170499875 -93.9170322399 22
4818 82 79.5 84.1 32.4890328855 -93.843622662 22
674 85.3 82 88.3 32.5838990593 -93.8046238704 22
5197 83.8 80.4 86.6 32.5562173014 -93.812953912 22
6257 83.4 80.3 86.3 32.5322759516 -93.7981860266 22
1834 80.7 77.5 83.7 32.5696397334 -93.7839552086 22
1127 83 79.6 85.8 32.4996110023 -93.7609135321 22
1545 82.6 79.7 85.1 32.5087594451 -93.7449045162 22
64 79.6 75.4 83.2 32.5212193829 -93.8758477824 22
103 19.2 17.4 21 32.5398093981 -93.7446296455 23
381 16.4 14.3 18.2 32.4928030013 -93.7106290504 23
2218 12.9 11.1 14.9 32.4758712764 -93.6904672639 23
2961 16.3 14.5 18.4 32.5325039668 -93.7598214022 23
947 16.5 14.8 18.2 32.5154635999 -93.7668483746 23
1111 15.3 13.7 17 32.5071877027 -93.7705301786 23
1739 15.4 13.9 16.7 32.4907069698 -93.7510050373 23
3072 16.6 15.2 18.1 32.496319627 -93.7374536043 23
4575 14.1 12.5 16 32.4870921107 -93.7379023149 23
2607 18.2 17 19.4 32.4959368955 -93.7208960426 23
2127 12 10.9 13 32.4871379077 -93.7110670305 23
2360 12.3 11.2 13.4 32.4753776115 -93.7299760217 23
3851 11.4 10.1 12.9 32.4755248094 -93.7465877527 23
2019 18.1 16.7 19.7 32.4759490266 -93.7672087046 23
1492 18.5 16.8 20.2 32.4871947432 -93.7686246595 23
1451 15.4 13.7 17.2 32.4978391674 -93.7734217466 23
1815 14.2 12.6 15.9 32.5053248574 -93.7871324357 23
5837 15.3 13.7 16.8 32.4937388125 -93.7937313766 23
5400 17.5 15.7 19.3 32.4743809184 -93.8157060939 23
3002 19.7 17.7 21.8 32.4784229664 -93.7886868661 23
3965 19.9 18.4 21.6 32.4639409031 -93.786406444 23
4983 16.6 14.8 18.4 32.4632248101 -93.7664773627 23
3118 8.7 7.4 10.2 32.4618699769 -93.7461686937 23
2326 10 8.7 11.3 32.4628640101 -93.7285258821 23
3951 9.9 8.6 11.3 32.4661752083 -93.7158258855 23
4624 12 10.6 13.5 32.4728724873 -93.7011143424 23
4549 9.7 8.5 11.1 32.4505197595 -93.7175110258 23
1535 9.6 8.4 10.9 32.4452174296 -93.7373364313 23
1631 16.5 14.9 18.2 32.4480034335 -93.7515610333 23
2028 17.6 16.3 19.1 32.4489852636 -93.7681813838 23
7095 18.1 16.4 20 32.444377596 -93.7910786862 23
3692 18.3 16.2 20.4 32.4569061405 -93.8029647535 23
2973 17.3 15.5 19.5 32.460524931 -93.819266333 23
6597 17.4 15.7 19.2 32.4336132303 -93.7659933455 23
6377 12.9 11.7 14.1 32.4297570285 -93.7402057558 23
6397 10.3 9.1 11.6 32.4306996476 -93.6974983301 23
2909 11.3 10.4 12.2 32.4055156819 -93.7406361623 23
3095 10.3 9.3 11.4 32.4319665388 -93.722641924 23
4594 11.8 10.4 13.2 32.4173619469 -93.7109080361 23
6816 9.3 8.1 10.5 32.3645017387 -93.7128197357 23
341 11.9 10.8 13.1 32.3776436912 -93.7924145868 23
6660 16.2 15.3 17 32.4127737738 -93.7784398009 23
7347 13 11.9 14.2 32.3958564955 -93.8256325595 23
4919 12.5 11.8 13.3 32.4218513113 -93.8041898505 23
6984 11.9 10.9 13 32.3902521035 -93.7992865283 23
3601 11.8 10.9 12.6 32.3933269666 -93.7765379004 23
3294 13.4 12.1 14.8 32.4204110774 -93.852509506 23
1440 11.5 10.5 12.6 32.3993884913 -93.8689407795 23
4950 12.9 11.6 14.2 32.4861944678 -93.8944644135 23
5820 14.9 13.6 16.4 32.438057627 -93.87899565 23
96 12.7 11 14.5 32.4170499875 -93.9170322399 23
4818 12.2 11.1 13.3 32.4890328855 -93.843622662 23
674 14.6 12.4 17.1 32.5838990593 -93.8046238704 23
5197 21 18.6 23.7 32.5562173014 -93.812953912 23
6257 19.8 17.8 22 32.5322759516 -93.7981860266 23
1834 11.5 10.3 12.6 32.5696397334 -93.7839552086 23
1127 15.5 14.1 17.1 32.4996110023 -93.7609135321 23
1545 18 16.5 19.5 32.5087594451 -93.7449045162 23
64 12.2 10.5 13.9 32.5212193829 -93.8758477824 23
103 49.8 48 51.4 32.5398093981 -93.7446296455 24
381 35.1 33.3 36.7 32.4928030013 -93.7106290504 24
2218 29.1 27.2 30.8 32.4758712764 -93.6904672639 24
2961 51.1 49.2 52.8 32.5325039668 -93.7598214022 24
947 52.9 51.4 54.3 32.5154635999 -93.7668483746 24
1111 52.3 50.7 53.8 32.5071877027 -93.7705301786 24
1739 42.6 41 44.2 32.4907069698 -93.7510050373 24
3072 47.9 46.8 49.4 32.496319627 -93.7374536043 24
4575 35.9 34.4 37.4 32.4870921107 -93.7379023149 24
2607 54.4 53.2 55.4 32.4959368955 -93.7208960426 24
2127 35 33.6 36.3 32.4871379077 -93.7110670305 24
2360 34.8 33.5 35.9 32.4753776115 -93.7299760217 24
3851 33 31.4 34.6 32.4755248094 -93.7465877527 24
2019 51.5 50.1 52.6 32.4759490266 -93.7672087046 24
1492 54.3 52.8 55.7 32.4871947432 -93.7686246595 24
1451 51.5 49.7 53.2 32.4978391674 -93.7734217466 24
1815 51 49.2 52.8 32.5053248574 -93.7871324357 24
5837 51.9 50.1 53.4 32.4937388125 -93.7937313766 24
5400 51.6 49.9 53.1 32.4743809184 -93.8157060939 24
3002 55.6 53.8 57.1 32.4784229664 -93.7886868661 24
3965 54.5 53.3 55.8 32.4639409031 -93.786406444 24
4983 50.1 48.4 51.7 32.4632248101 -93.7664773627 24
3118 29.2 27.5 31 32.4618699769 -93.7461686937 24
2326 30.5 28.6 32.4 32.4628640101 -93.7285258821 24
3951 30.4 28.7 32.4 32.4661752083 -93.7158258855 24
4624 33 31.4 34.5 32.4728724873 -93.7011143424 24
4549 29.9 28.3 31.7 32.4505197595 -93.7175110258 24
1535 34.2 32.5 35.9 32.4452174296 -93.7373364313 24
1631 49.6 47.8 51 32.4480034335 -93.7515610333 24
2028 54.4 53.1 55.6 32.4489852636 -93.7681813838 24
7095 51.7 50 53.2 32.444377596 -93.7910786862 24
3692 56.2 54.3 58 32.4569061405 -93.8029647535 24
2973 53.6 51.9 55.2 32.460524931 -93.819266333 24
6597 51.5 49.8 53 32.4336132303 -93.7659933455 24
6377 43.3 41.7 44.8 32.4297570285 -93.7402057558 24
6397 30.3 28.9 31.8 32.4306996476 -93.6974983301 24
2909 34.6 33.4 35.7 32.4055156819 -93.7406361623 24
3095 32.1 30.6 33.6 32.4319665388 -93.722641924 24
4594 32.7 31.2 34.3 32.4173619469 -93.7109080361 24
6816 30.4 28.5 32.1 32.3645017387 -93.7128197357 24
341 38.2 36.6 39.6 32.3776436912 -93.7924145868 24
6660 46 45.1 46.8 32.4127737738 -93.7784398009 24
7347 39.7 38.3 41 32.3958564955 -93.8256325595 24
4919 38.9 38 39.8 32.4218513113 -93.8041898505 24
6984 37 35.5 38.4 32.3902521035 -93.7992865283 24
3601 36.6 35.2 37.9 32.3933269666 -93.7765379004 24
3294 43 41.3 44.6 32.4204110774 -93.852509506 24
1440 36.8 35.2 38.4 32.3993884913 -93.8689407795 24
4950 44 42.2 45.6 32.4861944678 -93.8944644135 24
5820 44.5 42.9 45.9 32.438057627 -93.87899565 24
96 35.8 33.7 37.9 32.4170499875 -93.9170322399 24
4818 40.4 39 41.8 32.4890328855 -93.843622662 24
674 45 42.7 47.1 32.5838990593 -93.8046238704 24
5197 55.4 53.5 57.3 32.5562173014 -93.812953912 24
6257 55.1 53.4 56.7 32.5322759516 -93.7981860266 24
1834 37.1 35.6 38.7 32.5696397334 -93.7839552086 24
1127 52.6 51 54.2 32.4996110023 -93.7609135321 24
1545 51.2 49.5 52.5 32.5087594451 -93.7449045162 24
64 37 34.7 39 32.5212193829 -93.8758477824 24
103 84.2 81.7 86.3 32.5398093981 -93.7446296455 25
381 80.9 77.3 84.5 32.4928030013 -93.7106290504 25
2218 83 79.7 86 32.4758712764 -93.6904672639 25
2961 87 84.7 89.2 32.5325039668 -93.7598214022 25
947 85.6 83.1 87.9 32.5154635999 -93.7668483746 25
1111 86.4 84 88.5 32.5071877027 -93.7705301786 25
1739 86 84.1 87.7 32.4907069698 -93.7510050373 25
3072 85.3 83.4 87.1 32.496319627 -93.7374536043 25
4575 84.5 81.9 87 32.4870921107 -93.7379023149 25
2607 86 84.4 87.4 32.4959368955 -93.7208960426 25
2127 84.7 82.4 86.6 32.4871379077 -93.7110670305 25
2360 85.5 83.6 87.2 32.4753776115 -93.7299760217 25
3851 86.7 84.4 88.6 32.4755248094 -93.7465877527 25
2019 85.1 83 86.9 32.4759490266 -93.7672087046 25
1492 85.7 83.6 87.8 32.4871947432 -93.7686246595 25
1451 86.5 84.2 88.8 32.4978391674 -93.7734217466 25
1815 87.3 84.9 89.5 32.5053248574 -93.7871324357 25
5837 86.9 84.8 89 32.4937388125 -93.7937313766 25
5400 86.1 83.8 88.1 32.4743809184 -93.8157060939 25
3002 85.8 83.7 88 32.4784229664 -93.7886868661 25
3965 86.1 84.4 87.7 32.4639409031 -93.786406444 25
4983 85.8 83.7 87.7 32.4632248101 -93.7664773627 25
3118 87.4 84.2 89.7 32.4618699769 -93.7461686937 25
2326 87 84.4 89.3 32.4628640101 -93.7285258821 25
3951 86.9 84.4 89 32.4661752083 -93.7158258855 25
4624 85.1 82.3 87.2 32.4728724873 -93.7011143424 25
4549 85.3 82.4 87.8 32.4505197595 -93.7175110258 25
1535 86.6 83.8 89 32.4452174296 -93.7373364313 25
1631 86 84 88 32.4480034335 -93.7515610333 25
2028 86.7 85 88.2 32.4489852636 -93.7681813838 25
7095 86.6 84.6 88.5 32.444377596 -93.7910786862 25
3692 86.2 83.6 88.6 32.4569061405 -93.8029647535 25
2973 85.5 82.9 87.9 32.460524931 -93.819266333 25
6597 86.1 83.8 88.2 32.4336132303 -93.7659933455 25
6377 85.9 83.9 87.9 32.4297570285 -93.7402057558 25
6397 85.6 83.3 87.6 32.4306996476 -93.6974983301 25
2909 85.3 83.6 86.9 32.4055156819 -93.7406361623 25
3095 85.4 83.2 87.5 32.4319665388 -93.722641924 25
4594 84.5 81.9 86.7 32.4173619469 -93.7109080361 25
6816 86.8 84.3 88.9 32.3645017387 -93.7128197357 25
341 84.7 82.4 86.9 32.3776436912 -93.7924145868 25
6660 85.5 84.4 86.5 32.4127737738 -93.7784398009 25
7347 86 84.4 87.7 32.3958564955 -93.8256325595 25
4919 85.9 84.7 87.1 32.4218513113 -93.8041898505 25
6984 85.8 83.8 87.7 32.3902521035 -93.7992865283 25
3601 85.7 84.1 87.3 32.3933269666 -93.7765379004 25
3294 87.2 85.3 89 32.4204110774 -93.852509506 25
1440 86.3 84.3 88.2 32.3993884913 -93.8689407795 25
4950 87.2 85.2 89 32.4861944678 -93.8944644135 25
5820 86.4 84.6 88 32.438057627 -93.87899565 25
96 86.2 83.3 88.8 32.4170499875 -93.9170322399 25
4818 86.7 84.8 88.3 32.4890328855 -93.843622662 25
674 86.6 83.5 89.3 32.5838990593 -93.8046238704 25
5197 86.3 83.6 88.5 32.5562173014 -93.812953912 25
6257 85.6 83.1 88 32.5322759516 -93.7981860266 25
1834 86.3 84.1 88.2 32.5696397334 -93.7839552086 25
1127 86 83.9 88 32.4996110023 -93.7609135321 25
1545 85.2 83.5 87.2 32.5087594451 -93.7449045162 25
64 84.2 80.9 87.4 32.5212193829 -93.8758477824 25
103 22.6 20.4 25 32.5398093981 -93.7446296455 26
381 14.8 13.1 16.4 32.4928030013 -93.7106290504 26
2218 8.1 7 9.3 32.4758712764 -93.6904672639 26
2961 16.3 14.5 18.2 32.5325039668 -93.7598214022 26
947 22.1 19.7 24.5 32.5154635999 -93.7668483746 26
1111 19.7 17.6 21.9 32.5071877027 -93.7705301786 26
1739 14.8 13.4 16.2 32.4907069698 -93.7510050373 26
3072 17.9 16.5 19.4 32.496319627 -93.7374536043 26
4575 10.8 9.7 12 32.4870921107 -93.7379023149 26
2607 21.4 19.9 22.7 32.4959368955 -93.7208960426 26
2127 11.4 10.4 12.5 32.4871379077 -93.7110670305 26
2360 10.7 9.8 11.7 32.4753776115 -93.7299760217 26
3851 10.4 9.2 11.8 32.4755248094 -93.7465877527 26
2019 21.6 20 23.4 32.4759490266 -93.7672087046 26
1492 21.1 19.3 22.7 32.4871947432 -93.7686246595 26
1451 18.8 16.6 21.1 32.4978391674 -93.7734217466 26
1815 18.1 16.1 20.4 32.5053248574 -93.7871324357 26
5837 17.5 15.9 19.2 32.4937388125 -93.7937313766 26
5400 18.6 16.8 20.5 32.4743809184 -93.8157060939 26
3002 22 19.8 24.1 32.4784229664 -93.7886868661 26
3965 20.1 18.6 21.8 32.4639409031 -93.786406444 26
4983 17.3 15.7 19.2 32.4632248101 -93.7664773627 26
3118 8.9 7.4 10.6 32.4618699769 -93.7461686937 26
2326 9.3 8.1 10.7 32.4628640101 -93.7285258821 26
3951 9.1 7.9 10.4 32.4661752083 -93.7158258855 26
4624 10.4 9.2 11.8 32.4728724873 -93.7011143424 26
4549 10.2 8.7 11.9 32.4505197595 -93.7175110258 26
1535 12.9 11.1 14.8 32.4452174296 -93.7373364313 26
1631 17.1 15.5 18.8 32.4480034335 -93.7515610333 26
2028 20.2 18.7 21.8 32.4489852636 -93.7681813838 26
7095 17.9 16.3 19.6 32.444377596 -93.7910786862 26
3692 22.7 20 25.4 32.4569061405 -93.8029647535 26
2973 21.3 19 23.8 32.460524931 -93.819266333 26
6597 17.5 15.9 19.2 32.4336132303 -93.7659933455 26
6377 15.5 14 17.1 32.4297570285 -93.7402057558 26
6397 9.7 8.5 11 32.4306996476 -93.6974983301 26
2909 14 12.6 15.6 32.4055156819 -93.7406361623 26
3095 10.4 9.2 11.6 32.4319665388 -93.722641924 26
4594 10.1 8.9 11.3 32.4173619469 -93.7109080361 26
6816 9.1 7.9 10.5 32.3645017387 -93.7128197357 26
341 14.8 13.1 16.5 32.3776436912 -93.7924145868 26
6660 16.1 15.3 17 32.4127737738 -93.7784398009 26
7347 12.5 11.3 13.7 32.3958564955 -93.8256325595 26
4919 12.1 11.4 12.8 32.4218513113 -93.8041898505 26
6984 12.8 11.6 14 32.3902521035 -93.7992865283 26
3601 12.2 11.2 13.1 32.3933269666 -93.7765379004 26
3294 12 10.8 13.2 32.4204110774 -93.852509506 26
1440 10.9 9.8 12.1 32.3993884913 -93.8689407795 26
4950 12.9 11.5 14.3 32.4861944678 -93.8944644135 26
5820 14.2 12.9 15.5 32.438057627 -93.87899565 26
96 11.3 9.6 13.2 32.4170499875 -93.9170322399 26
4818 13.1 11.8 14.3 32.4890328855 -93.843622662 26
674 12.4 10.6 14.3 32.5838990593 -93.8046238704 26
5197 21 19 23.4 32.5562173014 -93.812953912 26
6257 21 19.1 23.1 32.5322759516 -93.7981860266 26
1834 12.4 11 13.9 32.5696397334 -93.7839552086 26
1127 20.5 18.5 22.7 32.4996110023 -93.7609135321 26
1545 19.6 17.8 21.2 32.5087594451 -93.7449045162 26
64 14.7 12.5 16.9 32.5212193829 -93.8758477824 26
103 47.3 45.7 48.9 32.5398093981 -93.7446296455 27
381 38.9 37 40.6 32.4928030013 -93.7106290504 27
2218 37.3 35.1 39.3 32.4758712764 -93.6904672639 27
2961 44.7 42.8 46.4 32.5325039668 -93.7598214022 27
947 44.3 42.7 45.6 32.5154635999 -93.7668483746 27
1111 43.4 41.8 44.9 32.5071877027 -93.7705301786 27
1739 37.2 35.8 38.6 32.4907069698 -93.7510050373 27
3072 40.8 39.6 42.1 32.496319627 -93.7374536043 27
4575 35 33.4 36.6 32.4870921107 -93.7379023149 27
2607 44.6 43.4 45.6 32.4959368955 -93.7208960426 27
2127 33.6 32.3 34.8 32.4871379077 -93.7110670305 27
2360 33.3 32.1 34.5 32.4753776115 -93.7299760217 27
3851 30.8 29.3 32.3 32.4755248094 -93.7465877527 27
2019 43.4 42.1 44.6 32.4759490266 -93.7672087046 27
1492 45.2 43.7 46.6 32.4871947432 -93.7686246595 27
1451 43.4 41.7 45.2 32.4978391674 -93.7734217466 27
1815 42.4 40.6 44.1 32.5053248574 -93.7871324357 27
5837 43.7 42.1 45.2 32.4937388125 -93.7937313766 27
5400 44.2 42.6 45.8 32.4743809184 -93.8157060939 27
3002 46.3 44.5 47.8 32.4784229664 -93.7886868661 27
3965 46.6 45.4 47.8 32.4639409031 -93.786406444 27
4983 44.1 42.5 45.7 32.4632248101 -93.7664773627 27
3118 27.5 25.9 29.4 32.4618699769 -93.7461686937 27
2326 29.2 27.3 31 32.4628640101 -93.7285258821 27
3951 29.4 27.7 31.3 32.4661752083 -93.7158258855 27
4624 32.1 30.5 33.7 32.4728724873 -93.7011143424 27
4549 29 27.5 30.7 32.4505197595 -93.7175110258 27
1535 29.5 27.8 31.1 32.4452174296 -93.7373364313 27
1631 43.3 41.4 44.7 32.4480034335 -93.7515610333 27
2028 45.7 44.4 46.9 32.4489852636 -93.7681813838 27
7095 44.7 43 46.3 32.444377596 -93.7910786862 27
3692 45.6 43.6 47.4 32.4569061405 -93.8029647535 27
2973 44.4 42.7 45.9 32.460524931 -93.819266333 27
6597 44.8 43.2 46.4 32.4336132303 -93.7659933455 27
6377 37.5 36 38.8 32.4297570285 -93.7402057558 27
6397 30.1 28.6 31.6 32.4306996476 -93.6974983301 27
2909 31.4 30.3 32.5 32.4055156819 -93.7406361623 27
3095 30.8 29.4 32.2 32.4319665388 -93.722641924 27
4594 32.8 31.3 34.3 32.4173619469 -93.7109080361 27
6816 29.3 27.7 30.9 32.3645017387 -93.7128197357 27
341 33.2 31.8 34.5 32.3776436912 -93.7924145868 27
6660 40.9 40 41.7 32.4127737738 -93.7784398009 27
7347 36.8 35.4 38.1 32.3958564955 -93.8256325595 27
4919 36.3 35.4 37.1 32.4218513113 -93.8041898505 27
6984 33.5 32.2 34.8 32.3902521035 -93.7992865283 27
3601 33.2 32 34.4 32.3933269666 -93.7765379004 27
3294 39.8 38.2 41.4 32.4204110774 -93.852509506 27
1440 34.4 33 35.7 32.3993884913 -93.8689407795 27
4950 39.7 38.1 41.2 32.4861944678 -93.8944644135 27
5820 39.6 38 40.9 32.438057627 -93.87899565 27
96 33.5 31.4 35.4 32.4170499875 -93.9170322399 27
4818 36 34.6 37.3 32.4890328855 -93.843622662 27
674 42.3 39.8 44.4 32.5838990593 -93.8046238704 27
5197 47.1 45.1 48.8 32.5562173014 -93.812953912 27
6257 46.6 45 48.2 32.5322759516 -93.7981860266 27
1834 33.5 32.2 35 32.5696397334 -93.7839552086 27
1127 43.2 41.7 44.7 32.4996110023 -93.7609135321 27
1545 42.7 41.2 44 32.5087594451 -93.7449045162 27
64 31.5 29.4 33.3 32.5212193829 -93.8758477824 27
103 38.1 27.2 50.3 32.5398093981 -93.7446296455 28
381 23.1 15 31.4 32.4928030013 -93.7106290504 28
2218 13.3 7.7 21 32.4758712764 -93.6904672639 28
2961 27.6 20.7 34.4 32.5325039668 -93.7598214022 28
947 38.6 28.9 48.5 32.5154635999 -93.7668483746 28
1111 32.2 22.5 41.8 32.5071877027 -93.7705301786 28
1739 22.2 16.5 29.1 32.4907069698 -93.7510050373 28
3072 30.1 23.3 37.3 32.496319627 -93.7374536043 28
4575 16.3 11.2 22.4 32.4870921107 -93.7379023149 28
2607 37.9 31.7 44.6 32.4959368955 -93.7208960426 28
2127 14.8 10.1 20.6 32.4871379077 -93.7110670305 28
2360 13.6 9.6 18 32.4753776115 -93.7299760217 28
3851 12.1 7.8 19.2 32.4755248094 -93.7465877527 28
2019 39.6 31.9 47.6 32.4759490266 -93.7672087046 28
1492 39.6 32.5 46.7 32.4871947432 -93.7686246595 28
1451 32.1 21.1 43.4 32.4978391674 -93.7734217466 28
1815 30.1 20.4 40.4 32.5053248574 -93.7871324357 28
5837 29 21.8 36.5 32.4937388125 -93.7937313766 28
5400 32 25.2 39.5 32.4743809184 -93.8157060939 28
3002 41.3 33 49.5 32.4784229664 -93.7886868661 28
3965 38.9 33.1 44.8 32.4639409031 -93.786406444 28
4983 31.1 23.8 38.1 32.4632248101 -93.7664773627 28
3118 7.6 3.7 13.8 32.4618699769 -93.7461686937 28
2326 9.4 5.4 15.5 32.4628640101 -93.7285258821 28
3951 9 5.2 14.2 32.4661752083 -93.7158258855 28
4624 13 7.7 19.8 32.4728724873 -93.7011143424 28
4549 10.6 6 16.8 32.4505197595 -93.7175110258 28
1535 12.8 7.7 19.5 32.4452174296 -93.7373364313 28
1631 29.4 22.2 36.5 32.4480034335 -93.7515610333 28
2028 36.9 29.9 44.1 32.4489852636 -93.7681813838 28
7095 32.5 25.7 39 32.444377596 -93.7910786862 28
3692 40.4 28.6 51.6 32.4569061405 -93.8029647535 28
2973 37.3 27.3 47.6 32.460524931 -93.819266333 28
6597 31.3 24.6 38.3 32.4336132303 -93.7659933455 28
6377 22.9 16.3 29.8 32.4297570285 -93.7402057558 28
6397 10.9 6.2 17.4 32.4306996476 -93.6974983301 28
2909 16.7 11 24.1 32.4055156819 -93.7406361623 28
3095 11.7 7 17.3 32.4319665388 -93.722641924 28
